0 194
0 202
0 124
0 251
0 123
0 65
0 66
0 89
0 24
0 70
0 254
1 238
1 201
1 84
1 142
1 249
1 27
1 51
1 177
1 164
1 166
2 35
2 135
2 161
2 194
2 202
2 65
2 24
2 123
2 254
2 70
2 89
3 123
3 140
3 202
3 5
3 65
3 89
3 215
3 51
3 70
3 128
3 24
4 24
4 26
4 34
4 154
4 128
4 140
4 89
4 51
4 215
4 82
4 5
5 202
5 123
5 70
5 65
5 215
5 18
5 140
5 128
5 89
5 24
5 51
6 26
6 215
6 63
6 82
6 249
6 5
6 89
6 128
6 195
6 140
6 51
7 189
7 161
7 135
7 194
7 254
7 24
7 65
7 70
7 123
7 202
7 89
8 60
8 161
8 194
8 135
8 65
8 123
8 24
8 70
8 89
8 202
8 254
9 189
9 135
9 123
9 215
9 51
9 128
9 70
9 89
9 65
9 24
9 202
10 26
10 215
10 195
10 63
10 82
10 249
10 5
10 89
10 128
10 140
10 51
11 194
11 189
11 65
11 123
11 128
11 24
11 135
11 202
11 215
11 70
11 89
12 135
12 124
12 194
12 202
12 66
12 65
12 70
12 89
12 24
12 123
12 254
13 18
13 161
13 194
13 202
13 135
13 254
13 24
13 65
13 70
13 123
13 89
14 194
14 135
14 189
14 215
14 70
14 128
14 123
14 65
14 89
14 24
14 202
15 30
15 194
15 60
15 65
15 202
15 70
15 89
15 24
15 123
15 135
15 254
16 215
16 18
16 135
16 194
16 254
16 24
16 65
16 70
16 123
16 202
16 89
17 18
17 145
17 215
17 5
17 249
17 140
17 195
17 128
17 51
17 63
17 89
18 66
18 30
18 202
18 60
18 65
18 70
18 24
18 89
18 123
18 254
19 189
19 215
19 194
19 89
19 202
19 70
19 123
19 128
19 135
19 65
19 24
20 161
20 254
20 189
20 194
20 123
20 202
20 135
20 89
20 70
20 24
20 65
21 202
21 124
21 123
21 66
21 251
21 194
21 89
21 65
21 24
21 70
21 254
22 35
22 66
22 202
22 194
22 135
22 123
22 65
22 254
22 24
22 70
22 89
23 35
23 161
23 202
23 65
23 194
23 70
23 24
23 89
23 123
23 135
23 254
24 35
24 30
24 194
24 66
24 65
24 202
24 123
24 70
24 89
24 254
25 202
25 194
25 123
25 89
25 124
25 66
25 65
25 251
25 24
25 70
25 254
26 145
26 70
26 123
26 18
26 24
26 51
26 215
26 140
26 89
26 128
26 65
27 40
27 128
27 51
27 207
27 17
27 249
27 63
27 140
27 195
27 5
28 34
28 154
28 195
28 140
28 128
28 5
28 89
28 51
28 215
28 82
28 26
29 135
29 124
29 194
29 202
29 66
29 65
29 70
29 89
29 24
29 123
29 254
30 194
30 60
30 202
30 66
30 65
30 123
30 70
30 89
30 24
30 254
31 135
31 18
31 30
31 60
31 202
31 65
31 70
31 89
31 24
31 123
31 254
32 202
32 124
32 251
32 194
32 123
32 66
32 65
32 89
32 24
32 70
32 254
33 26
33 24
33 63
33 195
33 5
33 82
33 89
33 140
33 51
33 128
33 215
34 60
34 215
34 135
34 18
34 254
34 24
34 123
34 70
34 65
34 202
34 89
35 124
35 202
35 194
35 66
35 65
35 70
35 89
35 24
35 123
35 254
36 251
36 124
36 194
36 202
36 123
36 66
36 65
36 70
36 24
36 89
36 254
37 26
37 195
37 63
37 5
37 215
37 249
37 82
37 140
37 89
37 128
37 51
38 18
38 161
38 135
38 194
38 202
38 254
38 24
38 65
38 70
38 123
38 89
39 65
39 202
39 70
39 5
39 82
39 24
39 215
39 140
39 51
39 128
39 89
40 24
40 18
40 5
40 249
40 63
40 215
40 195
40 128
40 89
40 51
40 140
41 35
41 161
41 135
41 194
41 202
41 123
41 254
41 24
41 65
41 70
41 89
42 30
42 135
42 123
42 161
42 202
42 194
42 254
42 24
42 70
42 89
42 65
43 35
43 135
43 123
43 66
43 65
43 202
43 194
43 254
43 24
43 89
43 70
44 35
44 202
44 194
44 66
44 65
44 135
44 123
44 24
44 89
44 254
44 70
45 202
45 194
45 123
45 124
45 89
45 65
45 66
45 251
45 24
45 254
45 70
46 26
46 215
46 82
46 249
46 5
46 128
46 140
46 89
46 195
46 51
46 63
47 60
47 194
47 135
47 161
47 254
47 24
47 65
47 70
47 89
47 123
47 202
48 189
48 161
48 254
48 24
48 194
48 123
48 202
48 65
48 70
48 89
48 135
49 124
49 135
49 194
49 202
49 66
49 65
49 70
49 89
49 24
49 123
49 254
50 18
50 161
50 135
50 202
50 194
50 254
50 24
50 65
50 70
50 123
50 89
51 5
51 89
51 17
51 140
51 207
51 249
51 195
51 63
51 27
51 128
52 135
52 18
52 30
52 254
52 60
52 202
52 123
52 24
52 70
52 65
52 89
53 124
53 123
53 202
53 194
53 66
53 251
53 24
53 65
53 89
53 254
53 70
54 26
54 82
54 215
54 249
54 63
54 5
54 140
54 51
54 195
54 89
54 128
55 30
55 202
55 66
55 65
55 194
55 135
55 123
55 254
55 24
55 70
55 89
56 35
56 161
56 194
56 135
56 202
56 123
56 24
56 65
56 254
56 70
56 89
57 34
57 26
57 215
57 63
57 5
57 51
57 195
57 128
57 82
57 140
57 89
58 189
58 135
58 215
58 51
58 123
58 202
58 65
58 24
58 70
58 128
58 89
59 161
59 66
59 202
59 135
59 194
59 123
59 65
59 24
59 254
59 70
59 89
60 194
60 30
60 202
60 66
60 65
60 70
60 24
60 89
60 123
60 254
61 202
61 124
61 194
61 251
61 123
61 66
61 89
61 65
61 24
61 70
61 254
62 202
62 194
62 124
62 123
62 251
62 89
62 65
62 66
62 24
62 70
62 254
63 5
63 145
63 207
63 89
63 27
63 140
63 195
63 51
63 128
63 249
64 202
64 89
64 194
64 65
64 123
64 124
64 24
64 66
64 251
64 70
64 254
65 35
65 202
65 194
65 124
65 123
65 66
65 70
65 24
65 89
65 254
66 194
66 202
66 124
66 123
66 251
66 89
66 65
66 24
66 70
66 254
67 135
67 35
67 194
67 66
67 65
67 202
67 123
67 24
67 70
67 89
67 254
68 35
68 135
68 194
68 66
68 65
68 202
68 123
68 24
68 254
68 89
68 70
69 66
69 60
69 194
69 202
69 135
69 123
69 254
69 24
69 65
69 89
69 70
70 124
70 251
70 202
70 194
70 66
70 65
70 123
70 89
70 24
70 254
71 189
71 194
71 135
71 215
71 128
71 123
71 89
71 70
71 202
71 65
71 24
72 60
72 161
72 202
72 135
72 194
72 254
72 24
72 65
72 70
72 89
72 123
73 17
73 26
73 82
73 5
73 63
73 249
73 195
73 140
73 89
73 128
73 51
74 161
74 189
74 254
74 24
74 194
74 65
74 70
74 89
74 135
74 202
74 123
75 35
75 135
75 65
75 66
75 202
75 123
75 194
75 254
75 24
75 70
75 89
76 202
76 194
76 89
76 65
76 66
76 123
76 124
76 251
76 24
76 254
76 70
77 35
77 161
77 135
77 194
77 202
77 65
77 24
77 70
77 89
77 123
77 254
78 194
78 30
78 202
78 66
78 65
78 60
78 123
78 70
78 24
78 89
78 254
79 154
79 123
79 202
79 5
79 89
79 51
79 215
79 24
79 70
79 128
79 65
80 35
80 161
80 135
80 194
80 202
80 65
80 24
80 70
80 89
80 123
80 254
81 202
81 70
81 34
81 5
81 128
81 140
81 51
81 154
81 215
81 89
81 82
82 135
82 51
82 202
82 128
82 215
82 123
82 18
82 70
82 65
82 89
82 24
83 202
83 194
83 124
83 123
83 66
83 251
83 89
83 65
83 24
83 254
83 70
84 82
84 51
84 17
84 140
84 27
84 249
84 5
84 63
84 128
84 89
84 195
85 215
85 194
85 254
85 18
85 202
85 135
85 123
85 70
85 89
85 24
85 65
86 35
86 135
86 66
86 194
86 202
86 65
86 70
86 89
86 24
86 123
86 254
87 189
87 123
87 51
87 5
87 89
87 24
87 70
87 65
87 202
87 128
87 215
88 135
88 35
88 194
88 202
88 66
88 65
88 70
88 89
88 24
88 123
88 254
89 135
89 30
89 60
89 66
89 202
89 123
89 254
89 24
89 65
89 70
90 189
90 161
90 194
90 135
90 24
90 202
90 123
90 65
90 70
90 89
90 254
91 35
91 161
91 135
91 202
91 194
91 123
91 65
91 24
91 70
91 89
91 254
92 35
92 161
92 194
92 135
92 202
92 123
92 24
92 65
92 254
92 70
92 89
93 135
93 51
93 215
93 154
93 123
93 24
93 89
93 65
93 202
93 128
93 70
94 249
94 195
94 26
94 82
94 63
94 215
94 89
94 140
94 128
94 51
94 5
95 35
95 161
95 135
95 194
95 202
95 65
95 24
95 70
95 89
95 123
95 254
96 154
96 189
96 65
96 194
96 123
96 202
96 128
96 135
96 24
96 70
96 89
97 189
97 135
97 215
97 123
97 51
97 202
97 70
97 65
97 128
97 89
97 24
98 35
98 135
98 194
98 202
98 66
98 65
98 70
98 89
98 24
98 123
98 254
99 18
99 161
99 135
99 194
99 254
99 24
99 65
99 70
99 202
99 123
99 89
100 34
100 63
100 26
100 195
100 89
100 140
100 128
100 51
100 215
100 82
100 5
101 35
101 135
101 194
101 65
101 66
101 202
101 123
101 24
101 254
101 89
101 70
102 135
102 18
102 202
102 30
102 123
102 60
102 254
102 24
102 65
102 89
102 70
103 189
103 24
103 65
103 70
103 89
103 123
103 135
103 202
103 161
103 194
103 254
104 66
104 161
104 135
104 202
104 65
104 70
104 89
104 194
104 24
104 123
104 254
105 202
105 194
105 89
105 66
105 65
105 123
105 124
105 251
105 24
105 254
105 70
106 35
106 161
106 135
106 194
106 202
106 65
106 24
106 70
106 89
106 123
106 254
107 70
107 202
107 154
107 5
107 82
107 140
107 215
107 128
107 51
107 89
108 251
108 202
108 194
108 124
108 66
108 65
108 123
108 89
108 24
108 70
108 254
109 70
109 51
109 65
109 89
109 140
109 18
109 215
109 82
109 128
109 24
109 5
110 124
110 135
110 202
110 66
110 194
110 123
110 65
110 24
110 254
110 89
110 70
111 35
111 135
111 194
111 202
111 66
111 65
111 70
111 89
111 24
111 123
111 254
112 65
112 18
112 195
112 24
112 89
112 5
112 82
112 140
112 215
112 51
112 128
113 202
113 194
113 124
113 66
113 251
113 123
113 89
113 65
113 24
113 254
113 70
114 161
114 194
114 18
114 202
114 135
114 254
114 24
114 65
114 70
114 123
114 89
115 202
115 82
115 65
115 70
115 24
115 215
115 140
115 5
115 128
115 51
115 89
116 35
116 135
116 66
116 65
116 202
116 123
116 194
116 254
116 24
116 70
116 89
117 63
117 140
117 215
117 195
117 34
117 128
117 26
117 89
117 51
117 82
117 5
118 254
118 70
118 135
118 24
118 128
118 65
118 202
118 89
118 215
118 123
118 18
119 35
119 161
119 254
119 123
119 135
119 194
119 202
119 65
119 89
119 24
119 70
120 194
120 135
120 202
120 66
120 65
120 60
120 123
120 70
120 24
120 89
120 254
121 124
121 135
121 194
121 66
121 65
121 202
121 123
121 24
121 89
121 254
121 70
122 35
122 161
122 135
122 194
122 202
122 123
122 24
122 65
122 70
122 89
122 254
123 135
123 35
123 194
123 202
123 66
123 65
123 70
123 89
123 24
123 254
124 202
124 123
124 194
124 251
124 89
124 65
124 66
124 24
124 254
124 70
125 60
125 161
125 135
125 202
125 194
125 254
125 24
125 65
125 70
125 123
125 89
126 35
126 161
126 135
126 202
126 123
126 194
126 65
126 254
126 24
126 89
126 70
127 194
127 189
127 135
127 215
127 65
127 123
127 202
127 128
127 70
127 89
127 24
128 17
128 145
128 140
128 89
128 195
128 249
128 207
128 63
128 27
128 51
129 202
129 194
129 124
129 123
129 251
129 89
129 65
129 66
129 24
129 254
129 70
130 30
130 60
130 202
130 215
130 123
130 70
130 18
130 128
130 65
130 89
130 24
131 30
131 161
131 202
131 194
131 135
131 123
131 254
131 24
131 65
131 70
131 89
132 124
132 202
132 123
132 194
132 135
132 66
132 65
132 89
132 70
132 24
132 254
133 249
133 26
133 215
133 82
133 63
133 128
133 140
133 51
133 89
133 5
133 195
134 189
134 161
134 254
134 194
134 135
134 202
134 24
134 65
134 70
134 123
134 89
135 35
135 194
135 202
135 66
135 65
135 70
135 89
135 24
135 123
135 254
136 5
136 51
136 135
136 215
136 123
136 65
136 202
136 70
136 128
136 89
136 24
137 194
137 60
137 30
137 65
137 123
137 202
137 135
137 254
137 24
137 89
137 70
138 128
138 215
138 254
138 18
138 24
138 123
138 89
138 135
138 202
138 70
138 65
139 161
139 18
139 135
139 194
139 254
139 24
139 65
139 70
139 123
139 202
139 89
140 215
140 18
140 207
140 145
140 249
140 89
140 63
140 195
140 51
140 128
141 123
141 82
141 202
141 65
141 24
141 128
141 5
141 70
141 215
141 89
141 51
142 26
142 249
142 215
142 82
142 195
142 63
142 5
142 51
142 140
142 89
142 128
143 35
143 135
143 194
143 202
143 66
143 65
143 70
143 89
143 24
143 123
143 254
144 202
144 124
144 194
144 251
144 123
144 66
144 65
144 89
144 70
144 24
144 254
145 120
145 30
145 202
145 60
145 18
145 254
145 24
145 123
145 65
145 89
145 70
146 202
146 194
146 124
146 66
146 251
146 123
146 89
146 65
146 24
146 254
146 70
147 60
147 135
147 161
147 123
147 194
147 202
147 254
147 24
147 70
147 65
147 89
148 202
148 70
148 123
148 128
148 18
148 140
148 89
148 65
148 24
148 215
148 51
149 189
149 194
149 215
149 128
149 123
149 135
149 24
149 70
149 202
149 65
149 89
150 35
150 135
150 161
150 202
150 123
150 194
150 24
150 65
150 254
150 70
150 89
151 135
151 140
151 202
151 70
151 215
151 65
151 123
151 24
151 89
151 128
151 18
152 140
152 202
152 215
152 123
152 51
152 18
152 70
152 89
152 65
152 24
152 128
153 202
153 140
153 82
153 5
153 24
153 215
153 65
153 70
153 51
153 128
153 89
154 35
154 161
154 135
154 202
154 194
154 123
154 65
154 24
154 70
154 89
154 254
155 18
155 189
155 135
155 202
155 215
155 123
155 128
155 70
155 65
155 24
155 89
156 161
156 202
156 66
156 65
156 194
156 135
156 123
156 254
156 24
156 70
156 89
157 161
157 18
157 135
157 194
157 254
157 202
157 24
157 65
157 70
157 123
157 89
158 249
158 26
158 82
158 63
158 215
158 195
158 89
158 128
158 5
158 51
158 140
159 35
159 66
159 202
159 135
159 194
159 123
159 65
159 24
159 254
159 70
159 89
160 60
160 161
160 194
160 135
160 254
160 202
160 24
160 65
160 70
160 123
160 89
161 135
161 194
161 202
161 66
161 65
161 70
161 89
161 24
161 123
161 254
162 66
162 202
162 123
162 194
162 135
162 161
162 65
162 24
162 254
162 89
162 70
163 154
163 202
163 140
163 65
163 24
163 215
163 70
163 128
163 89
163 51
163 5
164 26
164 82
164 17
164 5
164 140
164 249
164 51
164 195
164 63
164 128
164 89
165 35
165 66
165 194
165 135
165 202
165 65
165 24
165 123
165 254
165 89
165 70
166 26
166 215
166 82
166 63
166 5
166 249
166 195
166 140
166 128
166 51
166 89
167 249
167 26
167 63
167 215
167 195
167 5
167 82
167 140
167 89
167 128
167 51
168 35
168 161
168 135
168 194
168 202
168 65
168 70
168 24
168 89
168 123
168 254
169 26
169 70
169 128
169 5
169 89
169 51
169 140
169 154
169 215
169 82
169 24
170 189
170 161
170 194
170 135
170 202
170 123
170 254
170 24
170 65
170 70
170 89
171 189
171 194
171 24
171 215
171 123
171 202
171 128
171 65
171 135
171 70
171 89
172 154
172 24
172 215
172 189
172 123
172 135
172 194
172 70
172 202
172 65
172 89
173 189
173 215
173 194
173 135
173 123
173 89
173 128
173 70
173 202
173 65
173 24
174 18
174 24
174 70
174 140
174 82
174 65
174 5
174 215
174 89
174 51
174 128
175 189
175 154
175 194
175 202
175 65
175 123
175 135
175 24
175 128
175 70
175 89
176 161
176 189
176 70
176 24
176 65
176 135
176 202
176 89
176 194
176 123
176 254
177 17
177 26
177 82
177 5
177 63
177 249
177 51
177 128
177 89
177 140
177 195
178 249
178 26
178 63
178 82
178 140
178 5
178 195
178 51
178 89
178 215
178 128
179 251
179 202
179 124
179 194
179 123
179 66
179 89
179 65
179 24
179 254
179 70
180 35
180 135
180 66
180 194
180 202
180 65
180 70
180 24
180 89
180 123
180 254
181 35
181 161
181 135
181 194
181 202
181 65
181 24
181 70
181 89
181 123
181 254
182 65
182 154
182 24
182 70
182 82
182 140
182 215
182 5
182 89
182 51
182 128
183 251
183 124
183 202
183 66
183 123
183 194
183 24
183 65
183 89
183 254
183 70
184 194
184 254
184 24
184 18
184 65
184 70
184 89
184 202
184 215
184 135
184 123
185 35
185 161
185 123
185 202
185 135
185 194
185 254
185 24
185 65
185 70
185 89
186 18
186 24
186 63
186 82
186 5
186 140
186 51
186 89
186 215
186 128
186 195
187 18
187 63
187 140
187 5
187 51
187 128
187 215
187 24
187 195
187 89
187 82
188 189
188 161
188 194
188 135
188 123
188 202
188 254
188 24
188 65
188 70
188 89
189 35
189 66
189 135
189 194
189 202
189 123
189 65
189 254
189 24
189 70
189 89
190 51
190 189
190 123
190 135
190 215
190 128
190 89
190 202
190 24
190 70
190 65
191 35
191 161
191 123
191 202
191 194
191 135
191 254
191 24
191 65
191 70
191 89
192 189
192 161
192 135
192 194
192 24
192 65
192 70
192 89
192 123
192 202
192 254
193 135
193 30
193 202
193 18
193 60
193 254
193 24
193 123
193 89
193 65
193 70
194 135
194 124
194 202
194 66
194 65
194 70
194 89
194 24
194 123
194 254
195 5
195 207
195 89
195 17
195 27
195 249
195 140
195 128
195 51
195 63
196 35
196 194
196 135
196 123
196 161
196 202
196 254
196 24
196 65
196 70
196 89
197 189
197 215
197 194
197 24
197 202
197 123
197 128
197 135
197 65
197 70
197 89
198 161
198 194
198 18
198 135
198 254
198 24
198 65
198 70
198 89
198 123
198 202
199 18
199 135
199 60
199 30
199 202
199 65
199 70
199 24
199 89
199 123
199 254
200 123
200 70
200 65
200 24
200 140
200 202
200 5
200 215
200 89
200 51
200 128
201 215
201 26
201 82
201 249
201 63
201 5
201 51
201 140
201 128
201 89
201 195
202 35
202 135
202 194
202 66
202 65
202 70
202 89
202 24
202 123
202 254
203 34
203 195
203 26
203 63
203 82
203 215
203 5
203 89
203 128
203 51
203 140
204 35
204 161
204 135
204 123
204 194
204 202
204 254
204 24
204 65
204 70
204 89
205 194
205 154
205 215
205 135
205 89
205 202
205 128
205 70
205 123
205 24
205 65
206 63
206 65
206 70
206 24
206 82
206 215
206 140
206 5
206 51
206 89
206 128
207 5
207 195
207 51
207 89
207 63
207 249
207 140
207 27
207 128
207 17
208 35
208 66
208 135
208 202
208 123
208 194
208 254
208 24
208 65
208 70
208 89
209 18
209 161
209 135
209 194
209 254
209 24
209 65
209 70
209 123
209 202
209 89
210 18
210 70
210 65
210 82
210 140
210 89
210 215
210 5
210 51
210 24
210 128
211 202
211 65
211 70
211 82
211 24
211 140
211 5
211 51
211 215
211 89
211 128
212 70
212 34
212 26
212 154
212 82
212 215
212 128
212 140
212 89
212 51
212 5
213 12
213 135
213 161
213 202
213 65
213 70
213 24
213 89
213 194
213 123
213 254
214 35
214 135
214 66
214 194
214 202
214 65
214 123
214 254
214 24
214 70
214 89
215 135
215 18
215 30
215 202
215 60
215 254
215 24
215 89
215 123
215 65
215 70
216 189
216 194
216 215
216 128
216 123
216 135
216 24
216 70
216 202
216 65
216 89
217 35
217 161
217 135
217 194
217 70
217 123
217 89
217 24
217 202
217 65
217 254
218 189
218 24
218 65
218 70
218 89
218 123
218 135
218 202
218 161
218 194
218 254
219 251
219 124
219 202
219 194
219 66
219 65
219 123
219 24
219 89
219 254
219 70
220 70
220 202
220 215
220 5
220 128
220 82
220 154
220 140
220 24
220 89
220 51
221 35
221 161
221 135
221 194
221 202
221 123
221 254
221 24
221 65
221 70
221 89
222 202
222 194
222 124
222 251
222 66
222 123
222 89
222 65
222 24
222 70
222 254
223 66
223 135
223 30
223 60
223 202
223 65
223 70
223 24
223 89
223 123
223 254
224 5
224 202
224 135
224 123
224 51
224 215
224 128
224 89
224 24
224 70
224 65
225 124
225 135
225 66
225 65
225 194
225 123
225 202
225 24
225 89
225 254
225 70
226 154
226 135
226 123
226 215
226 51
226 202
226 89
226 70
226 65
226 24
226 128
227 145
227 63
227 24
227 18
227 5
227 140
227 215
227 89
227 51
227 128
227 195
228 189
228 128
228 123
228 24
228 135
228 194
228 215
228 65
228 202
228 70
228 89
229 18
229 161
229 194
229 135
229 202
229 24
229 65
229 70
229 89
229 123
229 254
230 189
230 161
230 254
230 24
230 194
230 135
230 123
230 202
230 65
230 70
230 89
231 135
231 215
231 51
231 5
231 123
231 24
231 128
231 89
231 70
231 65
231 202
232 34
232 26
232 128
232 215
232 51
232 89
232 195
232 63
232 82
232 140
232 5
233 70
233 140
233 89
233 34
233 5
233 154
233 215
233 26
233 51
233 82
233 128
234 35
234 135
234 194
234 202
234 66
234 65
234 70
234 89
234 24
234 123
234 254
235 135
235 30
235 66
235 60
235 202
235 65
235 70
235 24
235 89
235 123
235 254
236 161
236 189
236 254
236 65
236 123
236 194
236 202
236 89
236 135
236 70
236 24
237 35
237 202
237 66
237 194
237 135
237 123
237 65
237 24
237 254
237 89
237 70
238 215
238 26
238 82
238 195
238 5
238 249
238 63
238 140
238 89
238 51
238 128
239 34
239 26
239 63
239 215
239 82
239 195
239 5
239 89
239 128
239 140
239 51
240 161
240 215
240 135
240 18
240 254
240 24
240 65
240 70
240 123
240 202
240 89
241 251
241 124
241 194
241 202
241 123
241 66
241 65
241 70
241 24
241 89
241 254
242 135
242 124
242 194
242 202
242 66
242 65
242 70
242 89
242 24
242 123
242 254
243 124
243 202
243 251
243 194
243 66
243 123
243 89
243 65
243 24
243 70
243 254
244 82
244 18
244 145
244 195
244 24
244 89
244 215
244 5
244 140
244 128
244 51
245 215
245 135
245 154
245 51
245 123
245 24
245 89
245 65
245 202
245 128
245 70
246 60
246 194
246 66
246 65
246 123
246 202
246 135
246 254
246 24
246 89
246 70
247 135
247 124
247 66
247 65
247 202
247 123
247 194
247 24
247 89
247 254
247 70
248 135
248 60
248 202
248 194
248 66
248 65
248 123
248 254
248 89
248 24
248 70
249 5
249 89
249 51
249 27
249 140
249 195
249 128
249 207
249 17
249 63
250 66
250 161
250 135
250 194
250 202
250 123
250 24
250 65
250 254
250 70
250 89
251 202
251 194
251 89
251 123
251 124
251 66
251 65
251 24
251 70
251 254
252 60
252 135
252 161
252 123
252 194
252 202
252 254
252 24
252 70
252 65
252 89
253 161
253 189
253 254
253 24
253 135
253 194
253 65
253 70
253 89
253 202
253 123
254 202
254 124
254 251
254 194
254 123
254 66
254 65
254 89
254 24
254 70
