0 1356
1 1612
2 8634
3 6759
4 6814
5 6591
6 8728
7 6835
8 2922
9 6835
10 1517
11 3333
12 7634
13 7189
14 1767
15 8489
16 6747
17 350
18 1897
19 8654
20 8571
21 2549
22 7373
23 1258
24 1094
25 4322
26 5151
27 6205
28 6827
29 5869
30 5930
31 8165
32 4141
33 5661
34 1529
35 8788
36 5111
37 237
38 7514
39 9254
40 8717
41 8959
42 7585
43 3802
44 9006
45 3045
46 4480
47 4968
48 8581
49 65
50 8801
51 8493
52 7659
53 8435
54 7034
55 56
56 3138
57 8845
58 6085
59 3129
60 1759
61 4519
62 6320
63 684
64 1656
65 49
66 765
67 3757
68 1163
69 5878
70 364
71 630
72 1721
73 2613
74 75
75 74
76 3833
77 9198
78 482
79 7920
80 7355
81 6533
82 6282
83 3682
84 1739
85 6505
86 6289
87 593
88 6322
89 3484
90 2108
91 1324
92 7156
93 1687
94 2560
95 111
96 2544
97 7969
98 8651
99 2910
100 3211
101 1037
102 2944
103 51
104 4460
105 2939
106 1306
107 2318
108 180
109 4526
110 8173
111 95
112 3070
113 5089
114 1588
115 6769
116 2707
117 5595
118 31
119 7809
120 9213
121 7516
122 6045
123 2846
124 8935
125 4671
126 1182
127 2770
128 3341
129 2455
130 7096
131 7463
132 8052
133 2738
134 7324
135 3378
136 3031
137 9125
138 2655
139 4839
140 939
141 6149
142 1738
143 415
144 572
145 5297
146 8017
147 6913
148 4848
149 8755
150 3344
151 3338
152 4314
153 3010
154 5927
155 5821
156 7750
157 8030
158 6790
159 74
160 6499
161 6926
162 634
163 193
164 1904
165 4930
166 4920
167 3971
168 3814
169 7713
170 6152
171 9067
172 9261
173 7599
174 8412
175 4181
176 5049
177 8107
178 542
179 3705
180 8029
181 5688
182 7369
183 3513
184 309
185 7262
186 768
187 4191
188 5831
189 1685
190 2975
191 6660
192 6164
193 7101
194 1423
195 3961
196 705
197 380
198 8163
199 749
200 4226
201 4590
202 62
203 4409
204 6756
205 1704
206 3705
207 7406
208 8131
209 213
210 6959
211 360
212 8635
213 209
214 373
215 1552
216 1447
217 15
218 2944
219 4070
220 1042
221 1458
222 7658
223 2740
224 8025
225 1749
226 1232
227 6665
228 3971
229 7499
230 286
231 624
232 8371
233 5279
234 179
235 7732
236 8798
237 8814
238 8532
239 4105
240 1145
241 3581
242 1367
243 170
244 8129
245 7632
246 707
247 2672
248 7239
249 4483
250 6485
251 2547
252 4563
253 1884
254 1511
255 4541
256 144
257 1339
258 3413
259 353
260 3383
261 2512
262 5862
263 6100
264 6415
265 5374
266 670
267 7157
268 293
269 2534
270 8839
271 6136
272 4206
273 8449
274 4608
275 6025
276 5392
277 7373
278 4659
279 4208
280 2486
281 7189
282 4552
283 2457
284 8756
285 818
286 293
287 8531
288 1474
289 1931
290 7616
291 4218
292 4980
293 268
294 1910
295 840
296 8496
297 512
298 2639
299 3832
300 7644
301 5123
302 7581
303 301
304 8939
305 7034
306 437
307 1176
308 6256
309 184
310 170
311 8474
312 1851
313 7107
314 558
315 8764
316 6801
317 1998
318 6568
319 7609
320 6222
321 1798
322 6262
323 4688
324 5588
325 6427
326 7780
327 6588
328 2212
329 177
330 8527
331 1190
332 3743
333 6893
334 2932
335 764
336 470
337 811
338 1013
339 4296
340 2048
341 3443
342 7897
343 3678
344 5732
345 6402
346 2471
347 3307
348 4862
349 6311
350 6200
351 5729
352 2576
353 259
354 8794
355 829
356 2372
357 3825
358 2247
359 6997
360 4868
361 1881
362 2586
363 2291
364 8830
365 7226
366 4523
367 1690
368 7928
369 8711
370 4370
371 164
372 7959
373 6739
374 4603
375 5430
376 2951
377 8099
378 8975
379 6793
380 197
381 5309
382 383
383 382
384 3016
385 1585
386 7165
387 3174
388 8460
389 7610
390 8746
391 5978
392 5630
393 8505
394 6793
395 3214
396 4633
397 3457
398 3457
399 2414
400 1099
401 9245
402 2157
403 5646
404 6344
405 902
406 556
407 3427
408 4622
409 8255
410 1701
411 813
412 4268
413 825
414 5990
415 8472
416 4402
417 2393
418 3559
419 4004
420 4562
421 3699
422 3078
423 7301
424 8671
425 6484
426 2815
427 6664
428 1230
429 4519
430 8285
431 7704
432 3235
433 8535
434 953
435 8330
436 7949
437 2918
438 7196
439 3566
440 4127
441 5755
442 3296
443 1492
444 5381
445 9271
446 2721
447 3850
448 505
449 7174
450 8078
451 6127
452 3253
453 7865
454 3030
455 2786
456 5698
457 4568
458 8311
459 6582
460 8784
461 6559
462 5106
463 8270
464 4565
465 6943
466 9250
467 1826
468 5852
469 5399
470 4741
471 3993
472 5816
473 5809
474 4721
475 4456
476 77
477 678
478 4973
479 7682
480 7512
481 1597
482 78
483 4094
484 1866
485 3280
486 8010
487 5369
488 523
489 5393
490 6022
491 7789
492 571
493 2023
494 729
495 8219
496 6883
497 7219
498 1873
499 5022
500 2552
501 3524
502 5581
503 7825
504 7560
505 448
506 6876
507 1136
508 1502
509 1913
510 753
511 4355
512 297
513 4631
514 3501
515 4147
516 4884
517 854
518 7153
519 3801
520 5034
521 458
522 4781
523 8785
524 7944
525 4552
526 3600
527 73
528 6273
529 7033
530 2336
531 4942
532 5478
533 884
534 2198
535 343
536 7583
537 5655
538 6573
539 2135
540 947
541 7067
542 178
543 7969
544 8155
545 1817
546 5378
547 4958
548 7254
549 7577
550 8292
551 5552
552 7722
553 1012
554 5562
555 7622
556 406
557 3556
558 6058
559 6630
560 8278
561 2882
562 1888
563 4615
564 6397
565 6579
566 4431
567 2990
568 3094
569 6620
570 6931
571 6156
572 4285
573 9079
574 3306
575 9150
576 4616
577 2081
578 7968
579 6184
580 7628
581 1615
582 4328
583 2650
584 8266
585 8493
586 6976
587 7968
588 3456
589 8817
590 4492
591 4462
592 170
593 87
594 3226
595 1835
596 5440
597 3046
598 4617
599 1872
600 5776
601 4159
602 7620
603 5510
604 1379
605 8667
606 5058
607 3694
608 9066
609 5715
610 8879
611 4827
612 6601
613 6571
614 3441
615 7007
616 702
617 3912
618 4010
619 7029
620 8761
621 7835
622 2135
623 6638
624 231
625 3856
626 2247
627 5218
628 2784
629 647
630 5326
631 7311
632 1894
633 5962
634 2844
635 760
636 6711
637 1031
638 4387
639 6892
640 2067
641 6538
642 428
643 8533
644 6086
645 7037
646 3901
647 7371
648 8725
649 8915
650 806
651 888
652 2222
653 5586
654 2632
655 182
656 3835
657 8130
658 7887
659 6556
660 6556
661 2851
662 840
663 7680
664 9058
665 5753
666 4055
667 684
668 6502
669 4197
670 2217
671 5956
672 8130
673 7221
674 2348
675 9077
676 666
677 6799
678 2808
679 6695
680 4887
681 5163
682 7721
683 6256
684 63
685 2809
686 689
687 657
688 741
689 686
690 5620
691 7255
692 1435
693 6868
694 6118
695 4498
696 2441
697 7021
698 5568
699 1362
700 1484
701 7033
702 2338
703 911
704 4297
705 196
706 1861
707 7151
708 2264
709 2909
710 5333
711 2971
712 8493
713 1652
714 8873
715 5930
716 794
717 7034
718 8878
719 1722
720 1949
721 8463
722 8315
723 7659
724 5776
725 8292
726 5260
727 3397
728 2837
729 494
730 8846
731 3994
732 3087
733 5759
734 9283
735 4618
736 737
737 736
738 309
739 5400
740 7949
741 6136
742 4697
743 8742
744 3386
745 4339
746 6025
747 1739
748 8130
749 7738
750 5248
751 1634
752 7797
753 2413
754 3391
755 6519
756 932
757 3970
758 8741
759 7700
760 635
761 6417
762 7368
763 6394
764 335
765 66
766 1626
767 4929
768 2195
769 3922
770 7108
771 2507
772 8568
773 1814
774 4756
775 2908
776 200
777 2740
778 4751
779 7469
780 5185
781 6692
782 3803
783 4193
784 8897
785 1019
786 3350
787 3800
788 2653
789 1788
790 1594
791 2318
792 5783
793 272
794 5127
795 7054
796 7320
797 3077
798 5774
799 887
800 6899
801 1415
802 3564
803 9031
804 1692
805 2628
806 650
807 1645
808 1489
809 1741
810 6910
811 2322
812 6575
813 411
814 935
815 2357
816 3601
817 6487
818 285
819 6067
820 6642
821 6165
822 310
823 7458
824 1769
825 8450
826 3704
827 6085
828 7827
829 6849
830 1301
831 8863
832 8163
833 3229
834 4203
835 4573
836 136
837 878
838 3813
839 4209
840 6364
841 371
842 6879
843 4503
844 8184
845 414
846 3226
847 8177
848 2763
849 7956
850 5728
851 1993
852 8214
853 4257
854 987
855 4156
856 8887
857 4300
858 1664
859 5489
860 3966
861 986
862 1387
863 2321
864 95
865 7296
866 6022
867 6844
868 4198
869 6275
870 8246
871 3216
872 8891
873 8296
874 6909
875 6936
876 8139
877 9076
878 7317
879 4174
880 6068
881 2489
882 4336
883 4443
884 6088
885 657
886 8404
887 799
888 4825
889 1933
890 4684
891 4127
892 7199
893 2211
894 2246
895 8709
896 5098
897 5327
898 6858
899 1876
900 5091
901 36
902 3308
903 1515
904 6836
905 8136
906 7339
907 5832
908 5051
909 1516
910 776
911 703
912 8488
913 7622
914 6958
915 1744
916 5886
917 4903
918 1073
919 1511
920 7255
921 658
922 6128
923 3958
924 2965
925 9198
926 8912
927 1886
928 7687
929 6069
930 520
931 1396
932 1828
933 4652
934 3833
935 8235
936 5251
937 1951
938 2948
939 8969
940 7646
941 7127
942 4111
943 4550
944 2306
945 2338
946 4385
947 6583
948 265
949 5580
950 8969
951 5984
952 6211
953 6389
954 5279
955 4864
956 3494
957 8082
958 9276
959 632
960 143
961 5515
962 8102
963 5745
964 2873
965 1279
966 3257
967 6501
968 6151
969 9132
970 5756
971 1176
972 5725
973 746
974 6876
975 964
976 2198
977 8339
978 7302
979 7010
980 8576
981 4572
982 6691
983 1265
984 6200
985 7999
986 861
987 854
988 5069
989 1286
990 8307
991 4968
992 6343
993 9112
994 3586
995 3429
996 8380
997 5917
998 8910
999 3662
1000 9083
1001 4440
1002 4854
1003 8490
1004 4718
1005 2800
1006 2003
1007 3400
1008 6261
1009 1118
1010 65
1011 2618
1012 553
1013 338
1014 6766
1015 4433
1016 5455
1017 5294
1018 1025
1019 785
1020 3800
1021 639
1022 5344
1023 4467
1024 6046
1025 87
1026 7046
1027 3923
1028 3907
1029 7599
1030 3473
1031 8391
1032 8361
1033 926
1034 1583
1035 4615
1036 8668
1037 101
1038 6040
1039 8531
1040 6837
1041 3161
1042 220
1043 1728
1044 3116
1045 7582
1046 1282
1047 8529
1048 4703
1049 1831
1050 5064
1051 2122
1052 8958
1053 7390
1054 1160
1055 5206
1056 6338
1057 6207
1058 1895
1059 3718
1060 2511
1061 7797
1062 9148
1063 4036
1064 4093
1065 892
1066 4587
1067 6590
1068 1069
1069 1068
1070 8643
1071 5112
1072 6316
1073 918
1074 4017
1075 3552
1076 2646
1077 2683
1078 7159
1079 4107
1080 8996
1081 6196
1082 1086
1083 4009
1084 7393
1085 6703
1086 1082
1087 4568
1088 5211
1089 3944
1090 7522
1091 3389
1092 7714
1093 5459
1094 6293
1095 2642
1096 6018
1097 7649
1098 7900
1099 5987
1100 3460
1101 1614
1102 2619
1103 6097
1104 7335
1105 7851
1106 4650
1107 8170
1108 5822
1109 9006
1110 3105
1111 1609
1112 3424
1113 6597
1114 3014
1115 1918
1116 5963
1117 6490
1118 1009
1119 2776
1120 4999
1121 1586
1122 7079
1123 1690
1124 6501
1125 7785
1126 4411
1127 4291
1128 8267
1129 1130
1130 4928
1131 6299
1132 4446
1133 523
1134 2641
1135 510
1136 2832
1137 4950
1138 1690
1139 4041
1140 1713
1141 4283
1142 8133
1143 3240
1144 2373
1145 5968
1146 6351
1147 4428
1148 7778
1149 9132
1150 9132
1151 2104
1152 4784
1153 2281
1154 225
1155 5915
1156 8667
1157 6314
1158 1511
1159 3713
1160 8228
1161 2708
1162 991
1163 3743
1164 912
1165 930
1166 6656
1167 8123
1168 8255
1169 5644
1170 6389
1171 6292
1172 711
1173 5186
1174 6097
1175 1876
1176 3170
1177 3026
1178 3302
1179 3148
1180 3363
1181 6595
1182 8187
1183 7138
1184 8908
1185 5116
1186 4561
1187 6004
1188 3248
1189 6484
1190 331
1191 6812
1192 6968
1193 1194
1194 1193
1195 6254
1196 1199
1197 2075
1198 3925
1199 7444
1200 2695
1201 5205
1202 3298
1203 5875
1204 4224
1205 1907
1206 9292
1207 5771
1208 5065
1209 5341
1210 6348
1211 8804
1212 6950
1213 2163
1214 7681
1215 2768
1216 5421
1217 5547
1218 6658
1219 1571
1220 6143
1221 5131
1222 1575
1223 1959
1224 2220
1225 148
1226 6047
1227 7285
1228 6757
1229 4179
1230 2761
1231 1941
1232 2079
1233 223
1234 8043
1235 3908
1236 8793
1237 3072
1238 4010
1239 4379
1240 6539
1241 6737
1242 3894
1243 3862
1244 5376
1245 7959
1246 6277
1247 8051
1248 3882
1249 8749
1250 6873
1251 7660
1252 4394
1253 5882
1254 5743
1255 8855
1256 7087
1257 2111
1258 23
1259 5777
1260 7793
1261 8162
1262 6921
1263 1514
1264 6257
1265 983
1266 1271
1267 34
1268 1270
1269 458
1270 1934
1271 6214
1272 1619
1273 3874
1274 8134
1275 7756
1276 8588
1277 8762
1278 3203
1279 7077
1280 4455
1281 5542
1282 6543
1283 2636
1284 1945
1285 7899
1286 989
1287 5209
1288 6982
1289 2302
1290 3334
1291 8573
1292 8320
1293 8373
1294 4405
1295 2200
1296 7808
1297 8840
1298 6824
1299 3595
1300 1956
1301 2739
1302 2688
1303 5275
1304 3018
1305 6879
1306 7499
1307 5645
1308 3883
1309 5521
1310 6095
1311 295
1312 4653
1313 2019
1314 5892
1315 1731
1316 6124
1317 3006
1318 545
1319 7491
1320 2684
1321 8234
1322 2320
1323 1295
1324 2766
1325 8172
1326 1715
1327 5712
1328 7313
1329 1181
1330 1302
1331 3164
1332 4222
1333 4191
1334 4196
1335 3892
1336 7778
1337 8448
1338 7882
1339 257
1340 8359
1341 1846
1342 445
1343 6096
1344 2861
1345 4744
1346 2132
1347 6345
1348 2220
1349 6362
1350 1479
1351 8222
1352 3906
1353 6703
1354 8287
1355 7472
1356 0
1357 7619
1358 7886
1359 9282
1360 7986
1361 6685
1362 3236
1363 8000
1364 2476
1365 4266
1366 2866
1367 7795
1368 2494
1369 8465
1370 7153
1371 3090
1372 1259
1373 6779
1374 4089
1375 3898
1376 3519
1377 260
1378 6098
1379 423
1380 3459
1381 2574
1382 8608
1383 6812
1384 8510
1385 8790
1386 7102
1387 862
1388 3275
1389 3912
1390 4369
1391 6650
1392 6645
1393 786
1394 5534
1395 6755
1396 7697
1397 8639
1398 840
1399 4428
1400 4879
1401 7251
1402 1800
1403 689
1404 6349
1405 656
1406 1681
1407 2996
1408 1715
1409 6557
1410 6733
1411 3338
1412 1290
1413 359
1414 1977
1415 5312
1416 2335
1417 1872
1418 4894
1419 4214
1420 5712
1421 8509
1422 63
1423 4371
1424 5755
1425 5591
1426 1429
1427 7639
1428 1425
1429 6740
1430 1887
1431 6676
1432 5279
1433 7170
1434 4435
1435 692
1436 850
1437 2586
1438 3713
1439 4565
1440 2141
1441 5450
1442 1343
1443 7659
1444 7693
1445 1688
1446 4858
1447 216
1448 8813
1449 2313
1450 3797
1451 7941
1452 3365
1453 5698
1454 1469
1455 2938
1456 1457
1457 1456
1458 221
1459 726
1460 2231
1461 2077
1462 550
1463 2238
1464 791
1465 2025
1466 8739
1467 2841
1468 5558
1469 6436
1470 5888
1471 6066
1472 9117
1473 4045
1474 288
1475 6130
1476 3397
1477 6163
1478 1554
1479 1350
1480 179
1481 6955
1482 6026
1483 1042
1484 9250
1485 2220
1486 3660
1487 1488
1488 1487
1489 808
1490 7585
1491 8614
1492 2029
1493 8614
1494 2012
1495 8073
1496 5821
1497 548
1498 8908
1499 1838
1500 8400
1501 5388
1502 508
1503 4393
1504 7360
1505 7429
1506 3955
1507 2084
1508 7030
1509 7471
1510 7851
1511 254
1512 6951
1513 380
1514 1263
1515 903
1516 8424
1517 10
1518 1071
1519 6421
1520 3375
1521 5352
1522 861
1523 7134
1524 8654
1525 9288
1526 4127
1527 8382
1528 6908
1529 6574
1530 4059
1531 3427
1532 1941
1533 3525
1534 4788
1535 2970
1536 2216
1537 3626
1538 5821
1539 628
1540 3445
1541 7229
1542 6893
1543 9260
1544 7288
1545 2003
1546 8150
1547 1972
1548 6489
1549 1091
1550 3215
1551 6199
1552 215
1553 8086
1554 5320
1555 8066
1556 2721
1557 6953
1558 6046
1559 233
1560 6563
1561 5841
1562 6197
1563 6792
1564 6642
1565 4032
1566 2615
1567 5883
1568 2179
1569 262
1570 3449
1571 3413
1572 1578
1573 4803
1574 5459
1575 3664
1576 6492
1577 1794
1578 8046
1579 3197
1580 3095
1581 6314
1582 5752
1583 1034
1584 7454
1585 2053
1586 7335
1587 6894
1588 114
1589 8766
1590 3499
1591 5156
1592 7981
1593 1073
1594 4709
1595 3133
1596 7480
1597 6844
1598 7163
1599 1828
1600 3534
1601 1602
1602 2688
1603 1430
1604 7182
1605 2894
1606 2175
1607 7808
1608 4076
1609 9023
1610 3983
1611 7174
1612 391
1613 4862
1614 1101
1615 581
1616 6580
1617 6625
1618 8460
1619 2197
1620 5807
1621 4395
1622 5731
1623 8228
1624 4200
1625 816
1626 7360
1627 2235
1628 7087
1629 788
1630 6950
1631 4734
1632 5199
1633 2196
1634 751
1635 5372
1636 6049
1637 1348
1638 1893
1639 5375
1640 700
1641 5369
1642 685
1643 9276
1644 3973
1645 5228
1646 4456
1647 2115
1648 2084
1649 9191
1650 4295
1651 2130
1652 713
1653 1727
1654 2174
1655 6864
1656 64
1657 2540
1658 3601
1659 4355
1660 2404
1661 4444
1662 4528
1663 1111
1664 7087
1665 2549
1666 5343
1667 5764
1668 5797
1669 5563
1670 8456
1671 7598
1672 8973
1673 8437
1674 1536
1675 4350
1676 3362
1677 662
1678 3888
1679 6406
1680 4371
1681 7978
1682 9280
1683 9099
1684 6893
1685 3289
1686 4691
1687 93
1688 1445
1689 2585
1690 1138
1691 8734
1692 5354
1693 6818
1694 7340
1695 2319
1696 2375
1697 7016
1698 7216
1699 1059
1700 1914
1701 410
1702 550
1703 6026
1704 205
1705 8222
1706 1697
1707 1864
1708 7980
1709 2046
1710 7989
1711 2900
1712 1587
1713 1140
1714 4007
1715 7554
1716 1429
1717 1353
1718 1032
1719 7336
1720 9025
1721 72
1722 719
1723 338
1724 6276
1725 5731
1726 6947
1727 1674
1728 1043
1729 3988
1730 5687
1731 1315
1732 4320
1733 5561
1734 7329
1735 3579
1736 7175
1737 2961
1738 142
1739 2229
1740 8898
1741 1746
1742 56
1743 5081
1744 6849
1745 1607
1746 7647
1747 3837
1748 4646
1749 225
1750 5565
1751 7010
1752 7347
1753 2456
1754 6237
1755 7653
1756 7766
1757 8195
1758 4440
1759 60
1760 7706
1761 202
1762 3211
1763 942
1764 482
1765 5425
1766 4602
1767 14
1768 5305
1769 824
1770 902
1771 9271
1772 7995
1773 4600
1774 9074
1775 5115
1776 2732
1777 2129
1778 3840
1779 4007
1780 4742
1781 5658
1782 7583
1783 6468
1784 1974
1785 2716
1786 6588
1787 1540
1788 789
1789 8452
1790 7627
1791 3321
1792 8771
1793 4739
1794 9041
1795 4542
1796 3586
1797 8505
1798 2948
1799 4393
1800 1402
1801 4033
1802 3958
1803 6261
1804 3765
1805 7262
1806 5229
1807 4107
1808 7604
1809 8573
1810 2037
1811 7195
1812 1810
1813 4569
1814 773
1815 4303
1816 3691
1817 7672
1818 880
1819 4428
1820 8043
1821 6238
1822 1080
1823 7940
1824 3012
1825 3056
1826 3389
1827 8740
1828 3119
1829 9017
1830 1832
1831 7214
1832 1830
1833 2581
1834 8203
1835 8206
1836 5812
1837 5289
1838 1499
1839 1891
1840 297
1841 2727
1842 2759
1843 8027
1844 3773
1845 3170
1846 1341
1847 4260
1848 7666
1849 2760
1850 5253
1851 312
1852 1853
1853 2157
1854 9169
1855 3467
1856 7875
1857 7573
1858 7987
1859 3176
1860 7040
1861 7917
1862 5103
1863 7544
1864 1707
1865 3510
1866 2455
1867 9142
1868 3331
1869 1456
1870 8073
1871 5971
1872 1417
1873 498
1874 6240
1875 8601
1876 1175
1877 4824
1878 4321
1879 2520
1880 7242
1881 361
1882 3084
1883 4610
1884 3396
1885 818
1886 4627
1887 1430
1888 562
1889 8776
1890 8292
1891 6941
1892 4044
1893 1638
1894 632
1895 1058
1896 7360
1897 8849
1898 2314
1899 2053
1900 2262
1901 2329
1902 7660
1903 6579
1904 8461
1905 5377
1906 3260
1907 6932
1908 8372
1909 3241
1910 6893
1911 8553
1912 5536
1913 5689
1914 4348
1915 4707
1916 6956
1917 8951
1918 1115
1919 6141
1920 325
1921 8967
1922 9011
1923 1928
1924 6490
1925 8500
1926 2372
1927 9186
1928 1938
1929 3720
1930 6950
1931 289
1932 8605
1933 8512
1934 1270
1935 6002
1936 3687
1937 469
1938 4025
1939 3600
1940 6083
1941 1532
1942 2235
1943 3527
1944 6895
1945 1284
1946 7132
1947 6401
1948 5694
1949 7609
1950 4042
1951 3931
1952 8873
1953 5314
1954 1691
1955 6999
1956 35
1957 6813
1958 3307
1959 1223
1960 7328
1961 5645
1962 8059
1963 2118
1964 8180
1965 8986
1966 6442
1967 6581
1968 8482
1969 3963
1970 7494
1971 9114
1972 8469
1973 3377
1974 332
1975 5645
1976 5353
1977 1414
1978 6539
1979 7137
1980 4818
1981 969
1982 7232
1983 7741
1984 889
1985 2324
1986 1632
1987 8868
1988 5555
1989 4093
1990 8504
1991 2197
1992 3071
1993 8660
1994 8449
1995 6303
1996 8526
1997 3712
1998 317
1999 5043
2000 5955
2001 2235
2002 1102
2003 1006
2004 7516
2005 7532
2006 5885
2007 9146
2008 9276
2009 2985
2010 2649
2011 9086
2012 1494
2013 5506
2014 4904
2015 6771
2016 7716
2017 2393
2018 2381
2019 1313
2020 5785
2021 5465
2022 5
2023 1993
2024 7056
2025 2509
2026 7940
2027 7539
2028 1671
2029 1492
2030 2584
2031 6272
2032 8193
2033 7216
2034 952
2035 7719
2036 3491
2037 1810
2038 5009
2039 6988
2040 3496
2041 840
2042 1169
2043 2548
2044 5196
2045 175
2046 3099
2047 6738
2048 8944
2049 8174
2050 5468
2051 5913
2052 6818
2053 1585
2054 2055
2055 2054
2056 3116
2057 3492
2058 6361
2059 3404
2060 1889
2061 5793
2062 2421
2063 2422
2064 2679
2065 2424
2066 9011
2067 640
2068 2015
2069 5989
2070 3841
2071 2491
2072 7912
2073 5736
2074 1582
2075 4518
2076 3781
2077 5595
2078 3243
2079 3513
2080 1280
2081 577
2082 4237
2083 2801
2084 1648
2085 4553
2086 6191
2087 4048
2088 2498
2089 2091
2090 6598
2091 2089
2092 8965
2093 3704
2094 6223
2095 6848
2096 3886
2097 7510
2098 7335
2099 7199
2100 2098
2101 9229
2102 7979
2103 7405
2104 1151
2105 6966
2106 791
2107 3468
2108 90
2109 4765
2110 3416
2111 2531
2112 5997
2113 2619
2114 8492
2115 1647
2116 1556
2117 6266
2118 3981
2119 4554
2120 7870
2121 2626
2122 2617
2123 6225
2124 3913
2125 3089
2126 6525
2127 2084
2128 3853
2129 5957
2130 1651
2131 7031
2132 1346
2133 3853
2134 7462
2135 622
2136 3704
2137 6897
2138 6201
2139 6451
2140 4740
2141 1440
2142 7749
2143 2154
2144 2578
2145 7475
2146 5040
2147 2415
2148 1053
2149 9126
2150 5773
2151 7276
2152 4969
2153 2479
2154 2143
2155 6118
2156 71
2157 402
2158 7112
2159 8368
2160 4579
2161 7488
2162 1028
2163 1213
2164 1273
2165 7749
2166 8646
2167 7426
2168 6329
2169 857
2170 5258
2171 6802
2172 6934
2173 6858
2174 2175
2175 2174
2176 1498
2177 6718
2178 5419
2179 5479
2180 9267
2181 1023
2182 694
2183 3979
2184 5242
2185 6855
2186 2897
2187 4367
2188 677
2189 2727
2190 8436
2191 1867
2192 4210
2193 5371
2194 2196
2195 4587
2196 2194
2197 3465
2198 5382
2199 1611
2200 5601
2201 2749
2202 5740
2203 9181
2204 2971
2205 2204
2206 15
2207 5734
2208 655
2209 7713
2210 574
2211 893
2212 2542
2213 8187
2214 5001
2215 6320
2216 1536
2217 670
2218 865
2219 2745
2220 5442
2221 8132
2222 652
2223 4338
2224 4119
2225 8149
2226 7086
2227 42
2228 9131
2229 1739
2230 8050
2231 1460
2232 1600
2233 1566
2234 1147
2235 6607
2236 8871
2237 7378
2238 1463
2239 4749
2240 596
2241 3497
2242 3356
2243 6384
2244 2252
2245 9151
2246 894
2247 626
2248 7928
2249 3136
2250 620
2251 6596
2252 2679
2253 2118
2254 4429
2255 6804
2256 8104
2257 6915
2258 1174
2259 7818
2260 8324
2261 2264
2262 6280
2263 2264
2264 2263
2265 9038
2266 3095
2267 8291
2268 2942
2269 6842
2270 5755
2271 8368
2272 9069
2273 8791
2274 3783
2275 7725
2276 6599
2277 6943
2278 3424
2279 3443
2280 2907
2281 1153
2282 3047
2283 5469
2284 1859
2285 2471
2286 7651
2287 2314
2288 8055
2289 5825
2290 6010
2291 7563
2292 4100
2293 4047
2294 2141
2295 5953
2296 1122
2297 79
2298 6959
2299 2657
2300 4550
2301 3308
2302 6443
2303 6583
2304 8971
2305 8433
2306 4386
2307 4516
2308 7746
2309 1918
2310 2264
2311 250
2312 1208
2313 8846
2314 1898
2315 8359
2316 3318
2317 2449
2318 4281
2319 1695
2320 1322
2321 863
2322 811
2323 9144
2324 1985
2325 8207
2326 7909
2327 2329
2328 628
2329 2327
2330 8577
2331 5313
2332 2333
2333 2332
2334 3164
2335 6791
2336 530
2337 3959
2338 7839
2339 290
2340 6160
2341 2197
2342 6358
2343 3611
2344 9019
2345 3234
2346 7321
2347 2450
2348 4285
2349 8189
2350 4039
2351 6857
2352 7798
2353 1771
2354 4163
2355 5011
2356 903
2357 7835
2358 5356
2359 9013
2360 8473
2361 177
2362 7365
2363 3635
2364 3020
2365 6617
2366 9193
2367 6204
2368 3856
2369 7916
2370 377
2371 5380
2372 1926
2373 8256
2374 5224
2375 1696
2376 438
2377 8595
2378 875
2379 2785
2380 8897
2381 6150
2382 2742
2383 5269
2384 6819
2385 1293
2386 7168
2387 8949
2388 659
2389 9204
2390 2394
2391 2983
2392 7106
2393 7653
2394 2390
2395 5755
2396 3710
2397 6827
2398 1301
2399 2543
2400 2931
2401 7297
2402 5167
2403 2457
2404 1024
2405 4993
2406 6164
2407 4180
2408 9263
2409 7179
2410 5487
2411 6581
2412 5728
2413 6234
2414 399
2415 5112
2416 5793
2417 861
2418 2032
2419 8699
2420 110
2421 2062
2422 2063
2423 8732
2424 2065
2425 5643
2426 7575
2427 6868
2428 5621
2429 1173
2430 6832
2431 7170
2432 5854
2433 2435
2434 3548
2435 2433
2436 3857
2437 5990
2438 3075
2439 6549
2440 3514
2441 696
2442 4458
2443 4814
2444 6767
2445 2552
2446 2552
2447 5470
2448 7410
2449 2317
2450 816
2451 5744
2452 3774
2453 7441
2454 2800
2455 1866
2456 1753
2457 6844
2458 881
2459 5973
2460 8579
2461 7340
2462 5972
2463 7483
2464 4721
2465 4328
2466 4427
2467 8119
2468 8554
2469 2036
2470 5138
2471 346
2472 3483
2473 2475
2474 8443
2475 6665
2476 4554
2477 6802
2478 1826
2479 2153
2480 3455
2481 6676
2482 5789
2483 8158
2484 7298
2485 6035
2486 280
2487 1522
2488 1375
2489 881
2490 8316
2491 2071
2492 6623
2493 4115
2494 4059
2495 8442
2496 8134
2497 8557
2498 622
2499 3890
2500 7996
2501 4489
2502 2503
2503 2502
2504 3487
2505 4382
2506 4372
2507 1281
2508 9210
2509 2025
2510 632
2511 8352
2512 4625
2513 4725
2514 2335
2515 1265
2516 1109
2517 543
2518 942
2519 6665
2520 1879
2521 7684
2522 4650
2523 8232
2524 7429
2525 3447
2526 388
2527 7967
2528 6256
2529 2108
2530 98
2531 2111
2532 2815
2533 2534
2534 2533
2535 6301
2536 3998
2537 6108
2538 1875
2539 7912
2540 1657
2541 4270
2542 2212
2543 5068
2544 3313
2545 3932
2546 1565
2547 251
2548 2043
2549 8347
2550 2096
2551 1496
2552 2446
2553 3670
2554 167
2555 4603
2556 3220
2557 4961
2558 5742
2559 384
2560 1495
2561 5996
2562 7680
2563 3556
2564 3078
2565 6695
2566 3093
2567 8786
2568 5951
2569 5268
2570 8406
2571 467
2572 6521
2573 9114
2574 6205
2575 6699
2576 4177
2577 6946
2578 9067
2579 4700
2580 639
2581 129
2582 2505
2583 7223
2584 5841
2585 1689
2586 1437
2587 8837
2588 3017
2589 2422
2590 2949
2591 5380
2592 3078
2593 5224
2594 7326
2595 6579
2596 3650
2597 1292
2598 6675
2599 7581
2600 2924
2601 2602
2602 2601
2603 7692
2604 2126
2605 6473
2606 1458
2607 7963
2608 6283
2609 8066
2610 9011
2611 4666
2612 3710
2613 7908
2614 471
2615 1566
2616 2027
2617 2122
2618 1011
2619 1102
2620 2528
2621 4356
2622 6117
2623 725
2624 93
2625 6391
2626 2121
2627 2630
2628 805
2629 4920
2630 2698
2631 3844
2632 654
2633 2366
2634 1087
2635 8328
2636 7473
2637 4015
2638 3430
2639 6480
2640 5527
2641 1766
2642 2824
2643 3789
2644 8560
2645 3352
2646 1076
2647 9029
2648 9198
2649 2010
2650 3602
2651 5261
2652 244
2653 788
2654 5625
2655 8997
2656 4265
2657 2299
2658 8319
2659 6623
2660 8475
2661 3645
2662 6322
2663 2787
2664 3895
2665 2788
2666 6125
2667 1633
2668 8965
2669 1367
2670 8819
2671 2669
2672 7452
2673 5805
2674 5897
2675 1805
2676 9077
2677 2964
2678 1327
2679 1529
2680 1631
2681 6777
2682 6344
2683 3694
2684 1320
2685 4649
2686 7616
2687 4973
2688 1302
2689 7534
2690 1493
2691 2721
2692 8923
2693 3704
2694 7489
2695 5042
2696 8450
2697 6163
2698 2630
2699 3721
2700 3466
2701 2702
2702 2701
2703 5518
2704 2746
2705 7197
2706 5918
2707 116
2708 5534
2709 8039
2710 4692
2711 5798
2712 8729
2713 8665
2714 3059
2715 9018
2716 1785
2717 2051
2718 5904
2719 5745
2720 3738
2721 1556
2722 8263
2723 3911
2724 5056
2725 2726
2726 2725
2727 2189
2728 1832
2729 6553
2730 2242
2731 5902
2732 1776
2733 6174
2734 4961
2735 5213
2736 8236
2737 3027
2738 8458
2739 3582
2740 777
2741 5466
2742 2382
2743 2900
2744 4418
2745 2219
2746 2704
2747 3006
2748 4663
2749 8430
2750 1079
2751 6438
2752 3120
2753 1489
2754 5509
2755 6581
2756 8113
2757 8709
2758 7586
2759 8626
2760 7653
2761 1230
2762 868
2763 2095
2764 3960
2765 1370
2766 7224
2767 1180
2768 1215
2769 7731
2770 7798
2771 6601
2772 3965
2773 3368
2774 193
2775 6928
2776 8951
2777 1283
2778 4138
2779 3902
2780 3146
2781 7398
2782 6265
2783 3573
2784 7703
2785 2379
2786 5945
2787 5040
2788 2665
2789 2788
2790 3836
2791 8425
2792 5410
2793 2006
2794 5823
2795 7431
2796 3551
2797 1035
2798 274
2799 6163
2800 1005
2801 7537
2802 3014
2803 6873
2804 115
2805 5243
2806 4873
2807 8255
2808 678
2809 2810
2810 3482
2811 7553
2812 667
2813 3144
2814 9017
2815 426
2816 9003
2817 8191
2818 7463
2819 2325
2820 167
2821 3390
2822 6425
2823 2635
2824 4587
2825 2453
2826 1461
2827 5510
2828 5246
2829 7855
2830 6546
2831 5438
2832 1136
2833 508
2834 4569
2835 5658
2836 4789
2837 4475
2838 7494
2839 6070
2840 2856
2841 1212
2842 5874
2843 7402
2844 634
2845 4109
2846 123
2847 8735
2848 6976
2849 6077
2850 2486
2851 6075
2852 172
2853 2880
2854 1519
2855 1049
2856 2973
2857 4465
2858 3750
2859 5930
2860 3568
2861 1344
2862 4433
2863 6206
2864 7477
2865 5629
2866 1366
2867 4373
2868 2692
2869 5658
2870 5537
2871 5157
2872 8301
2873 964
2874 4300
2875 3532
2876 355
2877 3599
2878 7745
2879 9016
2880 621
2881 6815
2882 561
2883 3629
2884 6378
2885 1130
2886 6892
2887 1819
2888 7320
2889 5978
2890 4185
2891 6602
2892 3128
2893 3489
2894 1605
2895 3701
2896 4296
2897 7155
2898 3257
2899 870
2900 2743
2901 8323
2902 4073
2903 2904
2904 2903
2905 7031
2906 3095
2907 3662
2908 7645
2909 7319
2910 7999
2911 6177
2912 3975
2913 4367
2914 4085
2915 6524
2916 8710
2917 1169
2918 437
2919 6681
2920 6157
2921 3107
2922 938
2923 6233
2924 2600
2925 4335
2926 5314
2927 8499
2928 5493
2929 7513
2930 3338
2931 2400
2932 8499
2933 8581
2934 7095
2935 2901
2936 938
2937 4960
2938 1455
2939 9233
2940 1650
2941 2190
2942 7101
2943 4005
2944 218
2945 1276
2946 5021
2947 6060
2948 7796
2949 2590
2950 8372
2951 6007
2952 694
2953 5412
2954 5598
2955 2956
2956 8576
2957 993
2958 5456
2959 909
2960 1325
2961 6841
2962 5535
2963 712
2964 7241
2965 924
2966 805
2967 2125
2968 7932
2969 3328
2970 6413
2971 4316
2972 240
2973 4255
2974 2111
2975 190
2976 3026
2977 3147
2978 6362
2979 6529
2980 6209
2981 5604
2982 7256
2983 1236
2984 402
2985 2009
2986 5191
2987 4161
2988 8637
2989 2449
2990 6029
2991 5074
2992 4059
2993 3882
2994 2143
2995 3208
2996 7470
2997 783
2998 6297
2999 7413
3000 3529
3001 2543
3002 2193
3003 1512
3004 5057
3005 4651
3006 3426
3007 8769
3008 1795
3009 6234
3010 153
3011 5229
3012 7267
3013 6716
3014 1114
3015 2096
3016 6778
3017 2588
3018 8518
3019 3886
3020 6965
3021 4138
3022 4795
3023 4876
3024 3549
3025 2834
3026 2976
3027 2737
3028 7357
3029 3581
3030 454
3031 5192
3032 4896
3033 6954
3034 2386
3035 5431
3036 4789
3037 9105
3038 6627
3039 3040
3040 3039
3041 5229
3042 6092
3043 3240
3044 658
3045 45
3046 597
3047 2282
3048 2783
3049 7348
3050 3438
3051 98
3052 3551
3053 9290
3054 7452
3055 3088
3056 8561
3057 7859
3058 3068
3059 3640
3060 7893
3061 7133
3062 7265
3063 6191
3064 3262
3065 3584
3066 1744
3067 5752
3068 9237
3069 7302
3070 112
3071 1992
3072 1237
3073 6953
3074 2955
3075 2438
3076 304
3077 4658
3078 422
3079 1945
3080 5216
3081 1484
3082 4976
3083 9113
3084 4577
3085 2542
3086 8711
3087 8695
3088 7171
3089 3357
3090 1371
3091 5907
3092 6022
3093 1273
3094 8437
3095 4166
3096 6212
3097 8588
3098 4305
3099 2046
3100 1424
3101 7365
3102 4716
3103 6462
3104 7873
3105 1110
3106 5783
3107 5806
3108 2831
3109 9128
3110 7176
3111 4888
3112 224
3113 2183
3114 8377
3115 5906
3116 8020
3117 8036
3118 7895
3119 1828
3120 2752
3121 194
3122 7729
3123 572
3124 5468
3125 5509
3126 7540
3127 6604
3128 4632
3129 61
3130 3131
3131 3130
3132 7046
3133 1495
3134 4281
3135 1438
3136 2249
3137 2664
3138 6435
3139 5374
3140 252
3141 7194
3142 5112
3143 7619
3144 5058
3145 1687
3146 271
3147 2091
3148 4048
3149 7062
3150 8735
3151 8681
3152 6151
3153 4507
3154 1198
3155 5052
3156 4268
3157 6851
3158 2435
3159 7109
3160 8988
3161 9022
3162 7481
3163 7465
3164 2334
3165 6149
3166 2433
3167 4047
3168 9109
3169 147
3170 1845
3171 7011
3172 1047
3173 841
3174 387
3175 8461
3176 3536
3177 9214
3178 356
3179 387
3180 7158
3181 2316
3182 5786
3183 8121
3184 3298
3185 5651
3186 3188
3187 3312
3188 3186
3189 4936
3190 5903
3191 9008
3192 2883
3193 2188
3194 9194
3195 9108
3196 8965
3197 5673
3198 9108
3199 7317
3200 2712
3201 2540
3202 1169
3203 7668
3204 6088
3205 7218
3206 7827
3207 4137
3208 63
3209 7532
3210 2452
3211 1762
3212 4306
3213 8788
3214 3692
3215 1550
3216 3534
3217 2720
3218 2527
3219 4095
3220 2556
3221 5929
3222 6433
3223 7799
3224 9258
3225 4920
3226 5055
3227 1859
3228 4485
3229 833
3230 8709
3231 6793
3232 1400
3233 721
3234 8294
3235 3462
3236 1362
3237 5421
3238 6701
3239 4151
3240 7981
3241 4547
3242 3595
3243 2078
3244 312
3245 3247
3246 5363
3247 3245
3248 3907
3249 5132
3250 7447
3251 8470
3252 4076
3253 452
3254 4811
3255 7861
3256 8067
3257 7301
3258 6304
3259 4636
3260 9124
3261 9140
3262 1707
3263 8700
3264 3265
3265 1523
3266 6787
3267 1311
3268 8332
3269 50
3270 3821
3271 958
3272 3274
3273 17
3274 3272
3275 1388
3276 3274
3277 3176
3278 3540
3279 3445
3280 485
3281 3300
3282 1788
3283 3543
3284 6224
3285 7448
3286 2761
3287 8190
3288 1833
3289 1685
3290 2132
3291 7547
3292 8532
3293 769
3294 3250
3295 2934
3296 442
3297 8183
3298 1202
3299 7961
3300 6303
3301 7272
3302 1178
3303 1694
3304 221
3305 6424
3306 574
3307 347
3308 902
3309 3408
3310 3571
3311 8672
3312 3310
3313 2544
3314 9012
3315 7352
3316 5992
3317 4218
3318 5192
3319 236
3320 7317
3321 4587
3322 6638
3323 2196
3324 7512
3325 321
3326 7204
3327 913
3328 2969
3329 5743
3330 1270
3331 5344
3332 1385
3333 6642
3334 1290
3335 2720
3336 2799
3337 2509
3338 2930
3339 7667
3340 9202
3341 7335
3342 7010
3343 7215
3344 5057
3345 3376
3346 4236
3347 6274
3348 4195
3349 8119
3350 6967
3351 4183
3352 5393
3353 4398
3354 3435
3355 4563
3356 3525
3357 3601
3358 2791
3359 5509
3360 2459
3361 6089
3362 1676
3363 1180
3364 3362
3365 1452
3366 8384
3367 6310
3368 6212
3369 1555
3370 6216
3371 4988
3372 3373
3373 3372
3374 3012
3375 2389
3376 3345
3377 1973
3378 135
3379 7447
3380 7606
3381 6769
3382 4974
3383 6682
3384 1565
3385 7511
3386 1372
3387 4440
3388 8712
3389 1826
3390 2821
3391 6370
3392 2188
3393 6168
3394 8278
3395 5478
3396 8359
3397 1476
3398 7095
3399 4568
3400 3948
3401 7189
3402 8309
3403 3933
3404 7862
3405 1346
3406 5910
3407 7182
3408 3309
3409 4563
3410 4999
3411 713
3412 2699
3413 1571
3414 6754
3415 7592
3416 2110
3417 4517
3418 3419
3419 2646
3420 7012
3421 2037
3422 4630
3423 6342
3424 8217
3425 5275
3426 3006
3427 1531
3428 2819
3429 995
3430 2638
3431 2451
3432 4744
3433 1703
3434 3336
3435 2677
3436 6927
3437 8131
3438 4863
3439 3438
3440 6731
3441 2080
3442 8737
3443 7291
3444 5104
3445 1540
3446 4849
3447 2525
3448 3723
3449 5395
3450 3327
3451 3220
3452 511
3453 4151
3454 8078
3455 2480
3456 9192
3457 6946
3458 2475
3459 8959
3460 1100
3461 6293
3462 3235
3463 7396
3464 3667
3465 2197
3466 494
3467 2072
3468 3469
3469 7751
3470 7209
3471 3470
3472 5020
3473 2477
3474 2256
3475 3389
3476 9195
3477 4555
3478 2267
3479 6351
3480 3479
3481 6413
3482 2810
3483 3768
3484 8004
3485 2746
3486 1598
3487 8905
3488 8971
3489 7795
3490 6226
3491 6314
3492 8132
3493 5386
3494 7740
3495 7023
3496 5196
3497 3498
3498 3497
3499 5809
3500 696
3501 3502
3502 3501
3503 5268
3504 4995
3505 3509
3506 3492
3507 935
3508 7864
3509 25
3510 8818
3511 6525
3512 3521
3513 183
3514 2440
3515 7743
3516 729
3517 8316
3518 6946
3519 8165
3520 5836
3521 3512
3522 3434
3523 2923
3524 8354
3525 3356
3526 8710
3527 7275
3528 2569
3529 3000
3530 8361
3531 6053
3532 2875
3533 1831
3534 3373
3535 120
3536 3176
3537 5959
3538 3416
3539 6908
3540 3278
3541 2946
3542 4236
3543 7396
3544 1864
3545 4332
3546 1292
3547 9149
3548 5373
3549 2496
3550 4942
3551 4105
3552 1075
3553 8242
3554 4193
3555 9266
3556 557
3557 5365
3558 5285
3559 418
3560 9062
3561 6734
3562 1224
3563 5688
3564 6316
3565 8521
3566 2474
3567 3256
3568 4682
3569 6426
3570 3462
3571 3310
3572 4740
3573 2783
3574 1217
3575 4646
3576 3526
3577 9229
3578 4971
3579 1735
3580 7755
3581 3029
3582 2739
3583 7680
3584 6416
3585 3319
3586 1796
3587 20
3588 8828
3589 7223
3590 8131
3591 8447
3592 1742
3593 3694
3594 6213
3595 3242
3596 2188
3597 3392
3598 399
3599 2877
3600 1939
3601 816
3602 920
3603 2736
3604 8969
3605 1749
3606 5358
3607 826
3608 7861
3609 6623
3610 2037
3611 5214
3612 8764
3613 5681
3614 7051
3615 7666
3616 1161
3617 6783
3618 3424
3619 2299
3620 5310
3621 2031
3622 8899
3623 6475
3624 45
3625 4479
3626 5366
3627 4079
3628 8536
3629 5547
3630 3242
3631 6848
3632 3917
3633 1857
3634 7683
3635 3995
3636 9019
3637 6760
3638 1357
3639 8281
3640 7859
3641 5103
3642 137
3643 8351
3644 6695
3645 2661
3646 674
3647 7027
3648 391
3649 8985
3650 2596
3651 5231
3652 6074
3653 6845
3654 5870
3655 1967
3656 316
3657 7572
3658 2630
3659 9011
3660 1929
3661 6693
3662 7772
3663 4916
3664 6764
3665 1314
3666 7227
3667 4334
3668 8913
3669 3771
3670 2553
3671 5910
3672 1817
3673 2764
3674 9098
3675 1702
3676 304
3677 5442
3678 343
3679 7622
3680 3989
3681 3948
3682 4876
3683 6622
3684 7811
3685 7403
3686 3926
3687 1936
3688 7129
3689 1420
3690 9208
3691 1816
3692 1384
3693 4234
3694 4223
3695 8970
3696 924
3697 3702
3698 5770
3699 4792
3700 1723
3701 4887
3702 7182
3703 6956
3704 2093
3705 206
3706 5566
3707 1463
3708 6454
3709 6492
3710 7291
3711 5264
3712 5249
3713 1438
3714 4553
3715 7482
3716 3095
3717 3190
3718 4122
3719 632
3720 1929
3721 2699
3722 5339
3723 3448
3724 782
3725 2291
3726 7652
3727 6399
3728 8266
3729 101
3730 3371
3731 3250
3732 4675
3733 5333
3734 3024
3735 341
3736 8938
3737 4250
3738 2720
3739 561
3740 7730
3741 7891
3742 5363
3743 332
3744 7216
3745 7395
3746 7803
3747 5504
3748 4698
3749 1037
3750 6290
3751 696
3752 107
3753 1060
3754 1647
3755 5045
3756 1039
3757 4434
3758 3759
3759 6019
3760 5241
3761 3764
3762 8307
3763 7015
3764 3761
3765 339
3766 6002
3767 4413
3768 3483
3769 6385
3770 3195
3771 3669
3772 6631
3773 1844
3774 8823
3775 8816
3776 3002
3777 4537
3778 6790
3779 3275
3780 997
3781 2076
3782 3652
3783 2274
3784 1417
3785 3627
3786 1530
3787 8518
3788 1891
3789 2643
3790 6647
3791 7917
3792 6756
3793 5023
3794 8049
3795 9139
3796 2119
3797 3975
3798 3799
3799 3798
3800 5434
3801 519
3802 4097
3803 782
3804 110
3805 7772
3806 7839
3807 7675
3808 8954
3809 1270
3810 3491
3811 8312
3812 8931
3813 838
3814 168
3815 1376
3816 8180
3817 878
3818 2161
3819 5878
3820 4654
3821 3270
3822 4467
3823 551
3824 5715
3825 357
3826 2766
3827 8
3828 5451
3829 8072
3830 1456
3831 7178
3832 4205
3833 76
3834 4290
3835 656
3836 2790
3837 1747
3838 7927
3839 4662
3840 6020
3841 167
3842 7481
3843 4763
3844 6266
3845 9244
3846 2399
3847 5957
3848 3851
3849 5058
3850 8431
3851 4092
3852 4433
3853 2128
3854 4350
3855 6991
3856 2368
3857 3479
3858 8725
3859 6394
3860 7597
3861 6900
3862 6821
3863 4263
3864 7727
3865 4940
3866 9002
3867 4049
3868 3920
3869 1563
3870 1937
3871 5315
3872 5044
3873 5481
3874 1273
3875 5044
3876 4217
3877 8903
3878 9199
3879 1322
3880 6748
3881 8228
3882 3883
3883 7963
3884 3997
3885 3829
3886 5526
3887 6951
3888 4533
3889 4540
3890 4516
3891 2540
3892 8491
3893 7232
3894 5029
3895 3871
3896 9150
3897 8241
3898 6463
3899 1733
3900 2145
3901 6632
3902 3513
3903 6941
3904 3951
3905 3907
3906 1352
3907 3905
3908 1235
3909 5710
3910 7783
3911 3905
3912 617
3913 2124
3914 8168
3915 9107
3916 6273
3917 8652
3918 7926
3919 6049
3920 2115
3921 6994
3922 7646
3923 5716
3924 6497
3925 5051
3926 3924
3927 620
3928 4786
3929 2969
3930 8324
3931 1951
3932 7195
3933 3403
3934 5108
3935 2866
3936 5116
3937 1186
3938 5327
3939 3811
3940 4583
3941 7159
3942 6707
3943 538
3944 1089
3945 3789
3946 4045
3947 2823
3948 3400
3949 13
3950 5528
3951 3904
3952 4518
3953 7479
3954 8123
3955 813
3956 598
3957 6344
3958 1802
3959 8328
3960 5703
3961 208
3962 8182
3963 1969
3964 785
3965 3739
3966 7136
3967 1995
3968 4454
3969 577
3970 757
3971 167
3972 7340
3973 8749
3974 1083
3975 2912
3976 5851
3977 4251
3978 6753
3979 2183
3980 1977
3981 2118
3982 4535
3983 2232
3984 7850
3985 8596
3986 7753
3987 7423
3988 5767
3989 2602
3990 8950
3991 8231
3992 7202
3993 471
3994 2261
3995 3635
3996 2228
3997 7730
3998 2536
3999 2978
4000 8454
4001 3328
4002 9220
4003 3135
4004 8910
4005 3020
4006 993
4007 1779
4008 9227
4009 4672
4010 618
4011 7846
4012 4520
4013 1057
4014 7250
4015 2637
4016 1199
4017 5536
4018 7205
4019 6242
4020 6087
4021 8493
4022 1482
4023 6545
4024 2537
4025 2619
4026 836
4027 3133
4028 5984
4029 6708
4030 4177
4031 3006
4032 1565
4033 1801
4034 1810
4035 6479
4036 2648
4037 6826
4038 1878
4039 6134
4040 649
4041 7736
4042 7861
4043 6075
4044 8072
4045 1473
4046 7552
4047 3167
4048 8255
4049 1659
4050 8830
4051 5671
4052 8428
4053 4340
4054 9096
4055 666
4056 6809
4057 6563
4058 7998
4059 2494
4060 4230
4061 9013
4062 7671
4063 7221
4064 354
4065 4415
4066 7929
4067 7998
4068 6560
4069 992
4070 6250
4071 5715
4072 5298
4073 5107
4074 8652
4075 6986
4076 1608
4077 9126
4078 7855
4079 3627
4080 5896
4081 256
4082 7205
4083 5127
4084 1516
4085 2914
4086 5038
4087 9171
4088 7152
4089 1374
4090 173
4091 1977
4092 3851
4093 6274
4094 1356
4095 7859
4096 6836
4097 3802
4098 4400
4099 3691
4100 6747
4101 6480
4102 6532
4103 5840
4104 7660
4105 239
4106 3251
4107 5879
4108 4438
4109 2845
4110 3118
4111 2638
4112 3959
4113 4273
4114 6319
4115 2493
4116 5268
4117 8766
4118 4202
4119 4791
4120 7031
4121 6604
4122 4176
4123 1122
4124 7164
4125 5095
4126 4127
4127 3781
4128 8136
4129 4809
4130 3136
4131 8221
4132 2500
4133 5155
4134 2495
4135 8560
4136 7869
4137 3456
4138 2778
4139 7890
4140 5776
4141 32
4142 7705
4143 7091
4144 6213
4145 6594
4146 2492
4147 515
4148 5795
4149 5249
4150 4959
4151 3239
4152 6795
4153 4998
4154 7122
4155 731
4156 855
4157 3105
4158 2978
4159 566
4160 2591
4161 1367
4162 3516
4163 2354
4164 2789
4165 8917
4166 3095
4167 7995
4168 1072
4169 6067
4170 8462
4171 1777
4172 3864
4173 6735
4174 7188
4175 5931
4176 377
4177 4668
4178 7373
4179 1229
4180 2407
4181 175
4182 48
4183 6706
4184 3969
4185 4268
4186 4187
4187 4186
4188 3710
4189 9249
4190 8529
4191 4857
4192 7276
4193 3554
4194 4081
4195 3348
4196 1334
4197 669
4198 868
4199 2652
4200 1624
4201 1098
4202 4495
4203 6681
4204 7847
4205 3832
4206 272
4207 4650
4208 4085
4209 5644
4210 4858
4211 5227
4212 5800
4213 6359
4214 1419
4215 722
4216 5247
4217 4879
4218 3317
4219 2651
4220 693
4221 2192
4222 1332
4223 3694
4224 2180
4225 8756
4226 200
4227 5595
4228 4939
4229 3127
4230 4060
4231 7176
4232 1626
4233 9061
4234 3693
4235 2971
4236 3346
4237 3256
4238 8379
4239 6122
4240 4546
4241 4824
4242 690
4243 6706
4244 6134
4245 275
4246 5130
4247 1735
4248 8370
4249 6529
4250 617
4251 3977
4252 78
4253 4120
4254 8710
4255 4248
4256 4324
4257 853
4258 1969
4259 7357
4260 4263
4261 5505
4262 9003
4263 4260
4264 9117
4265 2656
4266 1365
4267 7450
4268 4610
4269 2949
4270 4606
4271 6419
4272 7161
4273 5663
4274 3362
4275 4274
4276 4531
4277 5551
4278 5716
4279 4109
4280 5552
4281 3134
4282 7879
4283 1141
4284 6857
4285 572
4286 4252
4287 4648
4288 1444
4289 7943
4290 5728
4291 7589
4292 8198
4293 9038
4294 2539
4295 1650
4296 2896
4297 5182
4298 385
4299 330
4300 9262
4301 7336
4302 1500
4303 7974
4304 6881
4305 791
4306 3212
4307 7553
4308 5982
4309 3133
4310 4270
4311 2627
4312 8613
4313 159
4314 152
4315 5689
4316 2971
4317 2911
4318 4498
4319 1838
4320 1732
4321 1878
4322 25
4323 4541
4324 6243
4325 8950
4326 6143
4327 668
4328 9290
4329 1692
4330 821
4331 4687
4332 2812
4333 5683
4334 4032
4335 4446
4336 882
4337 620
4338 2223
4339 5014
4340 8120
4341 5275
4342 6619
4343 2695
4344 5379
4345 6803
4346 4196
4347 4629
4348 5487
4349 3689
4350 3854
4351 4214
4352 3565
4353 5387
4354 7548
4355 511
4356 450
4357 2935
4358 6470
4359 5365
4360 666
4361 8200
4362 7997
4363 6752
4364 5463
4365 4364
4366 3662
4367 2913
4368 3780
4369 4481
4370 370
4371 2119
4372 5888
4373 2867
4374 6838
4375 4617
4376 6614
4377 3306
4378 5062
4379 1239
4380 4471
4381 1631
4382 4888
4383 892
4384 2849
4385 5737
4386 4661
4387 2952
4388 6419
4389 5156
4390 3671
4391 4131
4392 7531
4393 1503
4394 8775
4395 8380
4396 1651
4397 4396
4398 4350
4399 5438
4400 5935
4401 9220
4402 4618
4403 8574
4404 4759
4405 1285
4406 6107
4407 5790
4408 8087
4409 203
4410 1508
4411 8695
4412 913
4413 3767
4414 5917
4415 5905
4416 4502
4417 5151
4418 6318
4419 2260
4420 6998
4421 8073
4422 2543
4423 4277
4424 4204
4425 149
4426 3516
4427 9209
4428 1819
4429 2254
4430 5973
4431 4294
4432 8131
4433 1015
4434 3757
4435 1434
4436 8120
4437 3711
4438 6905
4439 7018
4440 1001
4441 6076
4442 186
4443 883
4444 3242
4445 9244
4446 4335
4447 9056
4448 3824
4449 1154
4450 1037
4451 4452
4452 4451
4453 7442
4454 3968
4455 5382
4456 1646
4457 5701
4458 2442
4459 852
4460 104
4461 9187
4462 591
4463 3839
4464 9222
4465 2857
4466 3334
4467 1023
4468 6150
4469 8863
4470 4775
4471 4380
4472 3886
4473 8568
4474 678
4475 2837
4476 743
4477 6309
4478 5839
4479 3625
4480 46
4481 8497
4482 6229
4483 7515
4484 5880
4485 3228
4486 7189
4487 6532
4488 4186
4489 2501
4490 1882
4491 946
4492 590
4493 6777
4494 9220
4495 4202
4496 6397
4497 6320
4498 695
4499 4498
4500 5193
4501 562
4502 8750
4503 2054
4504 5419
4505 7476
4506 4718
4507 6607
4508 7670
4509 5371
4510 6990
4511 254
4512 8975
4513 2503
4514 721
4515 5310
4516 3890
4517 3417
4518 2075
4519 8161
4520 4012
4521 8817
4522 5693
4523 366
4524 8479
4525 5299
4526 109
4527 5347
4528 1662
4529 1122
4530 4636
4531 7979
4532 7075
4533 3888
4534 5159
4535 3982
4536 7767
4537 7733
4538 5170
4539 6753
4540 3889
4541 255
4542 1795
4543 4971
4544 2495
4545 5241
4546 3355
4547 3241
4548 6153
4549 6158
4550 4939
4551 7970
4552 282
4553 1993
4554 2119
4555 3477
4556 7162
4557 8801
4558 7219
4559 4244
4560 1220
4561 6934
4562 8960
4563 252
4564 6565
4565 1439
4566 2439
4567 7188
4568 1087
4569 1813
4570 7483
4571 6350
4572 9236
4573 1315
4574 3399
4575 4138
4576 7916
4577 5579
4578 6408
4579 2160
4580 7753
4581 1528
4582 7796
4583 3939
4584 8325
4585 2969
4586 274
4587 2195
4588 3944
4589 54
4590 201
4591 1284
4592 160
4593 7538
4594 7823
4595 6182
4596 7335
4597 1212
4598 2066
4599 5313
4600 1773
4601 4745
4602 1766
4603 6068
4604 4795
4605 5077
4606 4270
4607 2399
4608 274
4609 9050
4610 4268
4611 3958
4612 4633
4613 1560
4614 6960
4615 6896
4616 7949
4617 4911
4618 4402
4619 415
4620 569
4621 3409
4622 408
4623 3714
4624 4650
4625 2512
4626 2093
4627 6971
4628 8976
4629 6389
4630 5736
4631 4943
4632 5751
4633 4612
4634 5498
4635 7042
4636 4530
4637 8050
4638 5948
4639 9282
4640 8668
4641 3091
4642 3384
4643 8162
4644 7584
4645 7782
4646 8615
4647 6618
4648 648
4649 288
4650 1106
4651 4652
4652 9022
4653 4652
4654 1270
4655 2958
4656 891
4657 9008
4658 4641
4659 3847
4660 110
4661 7031
4662 3839
4663 2748
4664 1366
4665 5317
4666 2611
4667 3480
4668 4177
4669 322
4670 9249
4671 2331
4672 4009
4673 7569
4674 7273
4675 1647
4676 4716
4677 3119
4678 4302
4679 5132
4680 5301
4681 4621
4682 3568
4683 6444
4684 890
4685 6863
4686 7605
4687 3352
4688 323
4689 7236
4690 3032
4691 5279
4692 2710
4693 7923
4694 195
4695 3604
4696 1326
4697 3773
4698 3748
4699 7599
4700 8582
4701 7664
4702 7563
4703 2970
4704 1595
4705 2500
4706 1583
4707 1915
4708 1136
4709 1594
4710 4126
4711 8503
4712 658
4713 1512
4714 7520
4715 5511
4716 4676
4717 8001
4718 7875
4719 4720
4720 4719
4721 3684
4722 8078
4723 5872
4724 5311
4725 2513
4726 8092
4727 8314
4728 4725
4729 6988
4730 8726
4731 7504
4732 394
4733 5598
4734 1631
4735 7833
4736 7738
4737 3563
4738 6795
4739 6565
4740 6084
4741 8531
4742 8353
4743 5140
4744 1345
4745 4601
4746 3556
4747 3017
4748 933
4749 8864
4750 615
4751 778
4752 8106
4753 2710
4754 4887
4755 6225
4756 8864
4757 4946
4758 584
4759 4404
4760 106
4761 4267
4762 507
4763 3843
4764 9117
4765 3699
4766 5768
4767 5496
4768 1070
4769 1387
4770 3906
4771 7285
4772 1938
4773 9296
4774 1685
4775 4470
4776 8029
4777 5725
4778 7942
4779 4170
4780 317
4781 8307
4782 4687
4783 1295
4784 8517
4785 6636
4786 6337
4787 6506
4788 7483
4789 2836
4790 1760
4791 4119
4792 3699
4793 6546
4794 7506
4795 3022
4796 800
4797 1950
4798 7805
4799 4800
4800 4043
4801 5539
4802 6159
4803 1573
4804 1684
4805 6343
4806 4808
4807 8435
4808 8513
4809 3336
4810 5107
4811 6347
4812 9241
4813 4212
4814 2443
4815 3823
4816 5959
4817 2644
4818 7632
4819 4601
4820 1688
4821 6481
4822 1871
4823 2491
4824 1877
4825 888
4826 1447
4827 87
4828 1531
4829 6927
4830 5088
4831 2090
4832 1013
4833 5454
4834 4211
4835 640
4836 332
4837 7008
4838 6012
4839 7367
4840 4005
4841 2362
4842 8170
4843 1212
4844 647
4845 5392
4846 1569
4847 4848
4848 4847
4849 1692
4850 4734
4851 4440
4852 93
4853 1931
4854 1002
4855 8994
4856 5619
4857 6502
4858 1446
4859 6779
4860 5401
4861 3274
4862 1613
4863 3438
4864 955
4865 4320
4866 5983
4867 8163
4868 1014
4869 5887
4870 8379
4871 253
4872 4567
4873 2806
4874 719
4875 7470
4876 6399
4877 270
4878 5422
4879 5803
4880 7580
4881 8667
4882 4945
4883 8395
4884 454
4885 6596
4886 4373
4887 4754
4888 9173
4889 4296
4890 7456
4891 2478
4892 6923
4893 4712
4894 3970
4895 6104
4896 472
4897 930
4898 9000
4899 569
4900 9159
4901 6521
4902 7647
4903 917
4904 4303
4905 6
4906 1034
4907 5529
4908 7036
4909 2978
4910 2789
4911 7622
4912 1747
4913 7181
4914 782
4915 7513
4916 6227
4917 4492
4918 2759
4919 2985
4920 9274
4921 6066
4922 7382
4923 6892
4924 7405
4925 1778
4926 1789
4927 1847
4928 1130
4929 767
4930 5030
4931 5530
4932 6685
4933 8924
4934 9189
4935 4040
4936 5080
4937 8503
4938 6582
4939 4228
4940 3865
4941 6332
4942 6848
4943 4631
4944 4523
4945 4882
4946 4757
4947 8031
4948 8149
4949 4086
4950 1137
4951 3466
4952 6698
4953 6214
4954 4604
4955 2579
4956 7554
4957 2369
4958 547
4959 4150
4960 6479
4961 2557
4962 4216
4963 4902
4964 6778
4965 2291
4966 3934
4967 2349
4968 991
4969 7581
4970 4512
4971 3828
4972 4971
4973 2687
4974 3382
4975 6999
4976 3082
4977 1528
4978 6019
4979 4355
4980 292
4981 8900
4982 701
4983 2383
4984 2651
4985 8858
4986 3284
4987 9137
4988 6272
4989 5641
4990 5243
4991 3846
4992 8576
4993 991
4994 2096
4995 5597
4996 5770
4997 4668
4998 2155
4999 3410
5000 6377
5001 8087
5002 8251
5003 7130
5004 5561
5005 1452
5006 8730
5007 3453
5008 33
5009 3698
5010 6240
5011 1996
5012 4306
5013 5923
5014 4339
5015 4825
5016 8640
5017 1454
5018 2521
5019 837
5020 5809
5021 5022
5022 499
5023 3793
5024 6526
5025 5602
5026 6671
5027 1769
5028 3515
5029 4296
5030 5352
5031 5033
5032 986
5033 5031
5034 8902
5035 4132
5036 8345
5037 4762
5038 35
5039 4035
5040 2146
5041 3860
5042 2695
5043 1513
5044 3875
5045 5349
5046 8889
5047 4508
5048 1629
5049 176
5050 842
5051 3925
5052 3155
5053 7267
5054 4250
5055 3226
5056 8138
5057 3344
5058 606
5059 7527
5060 5772
5061 553
5062 7833
5063 472
5064 5065
5065 9218
5066 6993
5067 6598
5068 2543
5069 988
5070 8430
5071 632
5072 5326
5073 4596
5074 6292
5075 4109
5076 7240
5077 5120
5078 8536
5079 9145
5080 4936
5081 1743
5082 4097
5083 2281
5084 941
5085 228
5086 1800
5087 2135
5088 3505
5089 7003
5090 6344
5091 1582
5092 2918
5093 6329
5094 4749
5095 4125
5096 5282
5097 4340
5098 896
5099 4624
5100 654
5101 5933
5102 6003
5103 5408
5104 6727
5105 7723
5106 5598
5107 4810
5108 3934
5109 7158
5110 4796
5111 36
5112 1071
5113 689
5114 3681
5115 1775
5116 3936
5117 7434
5118 1066
5119 869
5120 7850
5121 4143
5122 1412
5123 301
5124 3639
5125 6328
5126 34
5127 4083
5128 7875
5129 7670
5130 4246
5131 1221
5132 4679
5133 8999
5134 4589
5135 5908
5136 5186
5137 6835
5138 7413
5139 5141
5140 4743
5141 5139
5142 7425
5143 1246
5144 9164
5145 9011
5146 8347
5147 8764
5148 6718
5149 8764
5150 7393
5151 7584
5152 3969
5153 1844
5154 7079
5155 7065
5156 4389
5157 2871
5158 9209
5159 7367
5160 6034
5161 1829
5162 8900
5163 681
5164 9189
5165 7730
5166 8254
5167 2402
5168 417
5169 1245
5170 4538
5171 6464
5172 669
5173 7747
5174 2583
5175 2298
5176 2739
5177 7939
5178 7131
5179 7637
5180 328
5181 6611
5182 6545
5183 1349
5184 4113
5185 780
5186 5136
5187 8652
5188 1635
5189 415
5190 813
5191 8352
5192 3318
5193 8352
5194 6257
5195 7204
5196 3496
5197 3243
5198 4267
5199 1263
5200 546
5201 1147
5202 8997
5203 9171
5204 6808
5205 1201
5206 1055
5207 7902
5208 3296
5209 4359
5210 1070
5211 1088
5212 8955
5213 3773
5214 3611
5215 5723
5216 3080
5217 7976
5218 5244
5219 2994
5220 3741
5221 9100
5222 7018
5223 7780
5224 2593
5225 6277
5226 697
5227 4211
5228 1645
5229 586
5230 7951
5231 1972
5232 7574
5233 3197
5234 661
5235 8604
5236 1024
5237 1740
5238 508
5239 8687
5240 4565
5241 3760
5242 412
5243 4675
5244 8481
5245 7007
5246 7716
5247 8824
5248 750
5249 4149
5250 936
5251 936
5252 7474
5253 1850
5254 8791
5255 5360
5256 8063
5257 3687
5258 7614
5259 1139
5260 726
5261 2651
5262 6978
5263 8224
5264 3711
5265 8024
5266 868
5267 6476
5268 4116
5269 2810
5270 1847
5271 8462
5272 1992
5273 9035
5274 4648
5275 1303
5276 3505
5277 6495
5278 5082
5279 954
5280 3472
5281 4860
5282 2680
5283 7626
5284 9049
5285 9038
5286 6961
5287 522
5288 6429
5289 5528
5290 7641
5291 3411
5292 2045
5293 4143
5294 5004
5295 5293
5296 5615
5297 2741
5298 6330
5299 4525
5300 884
5301 4680
5302 6956
5303 1390
5304 7116
5305 1768
5306 1747
5307 1804
5308 5309
5309 5311
5310 4515
5311 5309
5312 1415
5313 2331
5314 2617
5315 3871
5316 8815
5317 5930
5318 5945
5319 5159
5320 1554
5321 192
5322 8425
5323 4197
5324 2951
5325 6010
5326 8220
5327 3938
5328 7052
5329 1582
5330 8340
5331 3784
5332 5925
5333 5927
5334 987
5335 6901
5336 2261
5337 3262
5338 8662
5339 7987
5340 1213
5341 1209
5342 4548
5343 2221
5344 6245
5345 5424
5346 4549
5347 1209
5348 7127
5349 5045
5350 8127
5351 5334
5352 8742
5353 1052
5354 1692
5355 8548
5356 2829
5357 2747
5358 385
5359 6231
5360 6807
5361 8987
5362 7287
5363 3742
5364 5436
5365 7680
5366 3626
5367 7693
5368 3953
5369 6898
5370 8731
5371 2193
5372 6274
5373 5372
5374 6686
5375 1639
5376 1244
5377 7226
5378 546
5379 4344
5380 2371
5381 444
5382 4455
5383 7394
5384 3130
5385 729
5386 3493
5387 4888
5388 1501
5389 5001
5390 5391
5391 5390
5392 6059
5393 3352
5394 5481
5395 3360
5396 9293
5397 1211
5398 2143
5399 469
5400 739
5401 4860
5402 1573
5403 860
5404 1462
5405 7573
5406 1894
5407 3599
5408 5103
5409 5880
5410 2783
5411 387
5412 2953
5413 8119
5414 2469
5415 6180
5416 3291
5417 8372
5418 6764
5419 3583
5420 8902
5421 8377
5422 4878
5423 6215
5424 5345
5425 1765
5426 5781
5427 2936
5428 514
5429 4934
5430 7844
5431 3035
5432 5608
5433 1629
5434 3800
5435 6005
5436 5364
5437 6669
5438 8923
5439 2439
5440 2721
5441 6412
5442 7777
5443 1922
5444 2259
5445 3587
5446 6787
5447 6826
5448 8677
5449 990
5450 1441
5451 3828
5452 6098
5453 5571
5454 4833
5455 1016
5456 2958
5457 2389
5458 7071
5459 6724
5460 4524
5461 4222
5462 6209
5463 4876
5464 3698
5465 2021
5466 2741
5467 3753
5468 2050
5469 5811
5470 2447
5471 8327
5472 2972
5473 572
5474 8159
5475 1496
5476 5694
5477 9084
5478 532
5479 2179
5480 7609
5481 3873
5482 2155
5483 3407
5484 197
5485 2351
5486 3944
5487 4348
5488 8788
5489 859
5490 8692
5491 2080
5492 1539
5493 2928
5494 8820
5495 7158
5496 4767
5497 7051
5498 7781
5499 8359
5500 530
5501 8270
5502 6014
5503 8216
5504 800
5505 6250
5506 8957
5507 8380
5508 7129
5509 3359
5510 2586
5511 4715
5512 3058
5513 5047
5514 939
5515 961
5516 2952
5517 170
5518 2703
5519 8043
5520 6041
5521 1309
5522 2319
5523 4244
5524 9140
5525 6652
5526 3886
5527 5798
5528 5289
5529 3874
5530 6232
5531 8843
5532 4817
5533 8294
5534 2708
5535 2962
5536 4017
5537 4744
5538 6883
5539 6321
5540 4616
5541 3312
5542 1281
5543 8540
5544 2653
5545 7505
5546 865
5547 1217
5548 8125
5549 833
5550 4958
5551 2069
5552 4280
5553 1627
5554 3919
5555 1988
5556 5559
5557 7201
5558 698
5559 5556
5560 7483
5561 5004
5562 3459
5563 1969
5564 1416
5565 6657
5566 3706
5567 5583
5568 698
5569 7143
5570 8308
5571 5453
5572 6529
5573 6367
5574 5571
5575 8822
5576 7804
5577 4786
5578 7046
5579 4577
5580 8066
5581 502
5582 5074
5583 8957
5584 2368
5585 622
5586 7918
5587 2752
5588 5589
5589 5588
5590 5588
5591 1425
5592 3339
5593 1156
5594 8537
5595 117
5596 1430
5597 7458
5598 5862
5599 6265
5600 2919
5601 2200
5602 5025
5603 722
5604 2981
5605 5311
5606 1503
5607 2743
5608 8025
5609 7336
5610 8019
5611 5937
5612 579
5613 5670
5614 7510
5615 5296
5616 865
5617 3297
5618 7831
5619 557
5620 690
5621 6397
5622 7074
5623 3089
5624 1485
5625 2654
5626 5940
5627 2115
5628 5646
5629 2263
5630 6824
5631 1000
5632 2912
5633 4428
5634 3415
5635 7309
5636 640
5637 5632
5638 8693
5639 5850
5640 7409
5641 7967
5642 3749
5643 3369
5644 1169
5645 1307
5646 3985
5647 2865
5648 1302
5649 5650
5650 5649
5651 7065
5652 2820
5653 5880
5654 88
5655 537
5656 8211
5657 1781
5658 2869
5659 7996
5660 5555
5661 33
5662 5438
5663 4273
5664 701
5665 8678
5666 3562
5667 8070
5668 8081
5669 8761
5670 5613
5671 4051
5672 8799
5673 3197
5674 1930
5675 7123
5676 5758
5677 1408
5678 5163
5679 5506
5680 7918
5681 3613
5682 9245
5683 6519
5684 4858
5685 3829
5686 5369
5687 1730
5688 181
5689 1913
5690 1034
5691 6683
5692 2336
5693 4522
5694 3851
5695 2175
5696 4450
5697 9117
5698 1453
5699 6922
5700 8099
5701 6245
5702 6341
5703 3960
5704 5974
5705 9141
5706 9089
5707 5706
5708 7102
5709 1662
5710 6458
5711 5322
5712 1327
5713 5156
5714 9118
5715 117
5716 3923
5717 8156
5718 3067
5719 8160
5720 8979
5721 3078
5722 7563
5723 5215
5724 6571
5725 972
5726 3342
5727 4619
5728 4290
5729 351
5730 6847
5731 8406
5732 6862
5733 6155
5734 3883
5735 8795
5736 2073
5737 4385
5738 8866
5739 8817
5740 2202
5741 5742
5742 5741
5743 3329
5744 2451
5745 2719
5746 2478
5747 1738
5748 7290
5749 5748
5750 7214
5751 7065
5752 3067
5753 3034
5754 5879
5755 2270
5756 970
5757 4885
5758 1697
5759 892
5760 6249
5761 850
5762 4861
5763 2718
5764 1667
5765 2887
5766 4993
5767 9109
5768 6815
5769 4040
5770 4996
5771 1207
5772 5060
5773 5774
5774 1502
5775 8774
5776 4140
5777 1259
5778 724
5779 887
5780 3813
5781 7911
5782 6807
5783 3106
5784 3539
5785 3499
5786 5073
5787 7334
5788 5001
5789 6997
5790 5780
5791 3493
5792 3493
5793 2416
5794 3687
5795 4148
5796 4741
5797 5455
5798 5527
5799 6360
5800 4037
5801 814
5802 2647
5803 4879
5804 7947
5805 3346
5806 3107
5807 1620
5808 1759
5809 5020
5810 2638
5811 7015
5812 6240
5813 2553
5814 8383
5815 5025
5816 472
5817 6030
5818 6359
5819 6544
5820 5386
5821 1538
5822 1108
5823 7300
5824 6908
5825 2289
5826 5409
5827 7378
5828 8149
5829 59
5830 3658
5831 188
5832 1307
5833 7639
5834 4530
5835 1613
5836 9097
5837 2489
5838 6729
5839 9159
5840 4103
5841 4322
5842 2989
5843 7627
5844 4
5845 273
5846 6628
5847 7523
5848 8394
5849 5492
5850 5639
5851 1230
5852 8113
5853 8938
5854 2432
5855 1489
5856 1974
5857 3473
5858 532
5859 4309
5860 63
5861 5284
5862 262
5863 4927
5864 6946
5865 5304
5866 2929
5867 6885
5868 4122
5869 8057
5870 3654
5871 6473
5872 4723
5873 6077
5874 2842
5875 3513
5876 5867
5877 7921
5878 3819
5879 4107
5880 4484
5881 2761
5882 1253
5883 8953
5884 7776
5885 6377
5886 2557
5887 4869
5888 1470
5889 722
5890 6992
5891 7014
5892 1314
5893 3313
5894 6328
5895 2611
5896 4080
5897 9076
5898 7672
5899 3314
5900 3640
5901 8499
5902 4393
5903 3190
5904 2718
5905 7898
5906 3115
5907 3091
5908 5135
5909 552
5910 3406
5911 6567
5912 8126
5913 2761
5914 6748
5915 7970
5916 6050
5917 7055
5918 2706
5919 1150
5920 3086
5921 9001
5922 953
5923 2512
5924 2133
5925 7020
5926 8899
5927 5333
5928 1554
5929 8582
5930 30
5931 6994
5932 7513
5933 2677
5934 7462
5935 4400
5936 2378
5937 5611
5938 4431
5939 2045
5940 4752
5941 1367
5942 3045
5943 5527
5944 1594
5945 4869
5946 7276
5947 1700
5948 4638
5949 3408
5950 4170
5951 5958
5952 6898
5953 2295
5954 6796
5955 2000
5956 671
5957 2129
5958 5951
5959 3445
5960 3805
5961 5905
5962 633
5963 8790
5964 1759
5965 4204
5966 1871
5967 6056
5968 1145
5969 3479
5970 605
5971 1871
5972 6378
5973 8601
5974 5457
5975 6962
5976 4010
5977 9127
5978 8476
5979 3302
5980 2802
5981 4969
5982 3676
5983 9264
5984 4528
5985 7871
5986 5985
5987 1099
5988 6877
5989 2069
5990 414
5991 1784
5992 3316
5993 5994
5994 5993
5995 5041
5996 1014
5997 2112
5998 6791
5999 6297
6000 8095
6001 3860
6002 3837
6003 5102
6004 9049
6005 5435
6006 7533
6007 2951
6008 7892
6009 6011
6010 2290
6011 6009
6012 2393
6013 3678
6014 6016
6015 6980
6016 7999
6017 5033
6018 8817
6019 6815
6020 6019
6021 6400
6022 866
6023 6615
6024 8189
6025 746
6026 1482
6027 6028
6028 6027
6029 2990
6030 5817
6031 5601
6032 7293
6033 8659
6034 7849
6035 8935
6036 3438
6037 8234
6038 6039
6039 6038
6040 2739
6041 5520
6042 6047
6043 6062
6044 1975
6045 654
6046 9197
6047 6042
6048 1738
6049 812
6050 5916
6051 8845
6052 3460
6053 2594
6054 6298
6055 5728
6056 3022
6057 3835
6058 558
6059 39
6060 2947
6061 3912
6062 6063
6063 6062
6064 8586
6065 1096
6066 1471
6067 819
6068 4603
6069 6302
6070 2839
6071 1322
6072 6828
6073 5112
6074 1004
6075 4795
6076 8843
6077 3045
6078 1979
6079 3803
6080 8200
6081 7080
6082 1562
6083 7466
6084 8728
6085 7685
6086 644
6087 8476
6088 884
6089 8685
6090 7120
6091 3757
6092 8568
6093 7166
6094 1193
6095 7320
6096 1343
6097 6661
6098 2216
6099 7851
6100 263
6101 8792
6102 5319
6103 7521
6104 5591
6105 333
6106 9154
6107 7999
6108 8989
6109 4337
6110 3426
6111 5435
6112 7624
6113 8124
6114 9117
6115 2399
6116 1641
6117 1511
6118 694
6119 8395
6120 6121
6121 6120
6122 4239
6123 6128
6124 6340
6125 6126
6126 6125
6127 321
6128 6123
6129 1766
6130 1475
6131 4050
6132 2598
6133 8755
6134 4039
6135 5483
6136 741
6137 8865
6138 4244
6139 6827
6140 1384
6141 1919
6142 3922
6143 1220
6144 7091
6145 7869
6146 2153
6147 5516
6148 6149
6149 3165
6150 4468
6151 8194
6152 170
6153 4548
6154 2807
6155 5733
6156 571
6157 2920
6158 6452
6159 4802
6160 7619
6161 6741
6162 2884
6163 4556
6164 192
6165 821
6166 6676
6167 2928
6168 3660
6169 5205
6170 6084
6171 2956
6172 8122
6173 3363
6174 2733
6175 5934
6176 6174
6177 2911
6178 5949
6179 8619
6180 5001
6181 4625
6182 9206
6183 2457
6184 579
6185 7723
6186 6187
6187 6186
6188 5618
6189 7971
6190 4006
6191 3063
6192 5458
6193 8665
6194 3852
6195 2743
6196 8364
6197 7891
6198 1753
6199 5752
6200 984
6201 7084
6202 1569
6203 2958
6204 2367
6205 6206
6206 6205
6207 1057
6208 6688
6209 4958
6210 8534
6211 952
6212 8077
6213 3594
6214 4953
6215 5423
6216 8909
6217 7478
6218 5683
6219 2076
6220 6017
6221 9119
6222 320
6223 7887
6224 9245
6225 7735
6226 6947
6227 4916
6228 6154
6229 4482
6230 6565
6231 6724
6232 5530
6233 7688
6234 2413
6235 6496
6236 3443
6237 1754
6238 3173
6239 2050
6240 5812
6241 2832
6242 4019
6243 4324
6244 6632
6245 5701
6246 480
6247 1628
6248 2403
6249 5760
6250 4070
6251 3748
6252 290
6253 7201
6254 1195
6255 1268
6256 683
6257 5194
6258 4385
6259 847
6260 1270
6261 725
6262 6250
6263 1402
6264 8106
6265 5599
6266 3844
6267 1222
6268 9276
6269 831
6270 8021
6271 9217
6272 4988
6273 3916
6274 5372
6275 9191
6276 8497
6277 5225
6278 6791
6279 8981
6280 2262
6281 1311
6282 82
6283 6926
6284 8990
6285 8274
6286 8583
6287 1709
6288 4860
6289 6680
6290 3750
6291 4005
6292 5074
6293 1094
6294 7510
6295 4906
6296 2423
6297 5257
6298 3865
6299 1194
6300 8193
6301 4714
6302 6069
6303 1995
6304 3258
6305 7430
6306 7283
6307 2379
6308 1
6309 4477
6310 3513
6311 8997
6312 8987
6313 1089
6314 1581
6315 5488
6316 3564
6317 8133
6318 4418
6319 3020
6320 62
6321 5539
6322 2662
6323 7452
6324 4638
6325 8477
6326 991
6327 8493
6328 5125
6329 4165
6330 5298
6331 3746
6332 4941
6333 2486
6334 8464
6335 5606
6336 7496
6337 7103
6338 4551
6339 166
6340 5112
6341 5702
6342 7725
6343 992
6344 6639
6345 1347
6346 7612
6347 4306
6348 5573
6349 7531
6350 9021
6351 3479
6352 2423
6353 4598
6354 3172
6355 2753
6356 6351
6357 1146
6358 8291
6359 4213
6360 5799
6361 2058
6362 2978
6363 3464
6364 840
6365 1787
6366 6586
6367 5573
6368 1441
6369 1979
6370 3391
6371 8305
6372 2837
6373 3034
6374 8421
6375 8842
6376 9235
6377 3397
6378 5972
6379 2190
6380 7045
6381 359
6382 2212
6383 1300
6384 2243
6385 8705
6386 498
6387 6917
6388 7483
6389 3071
6390 7565
6391 2625
6392 8996
6393 4577
6394 3859
6395 6524
6396 9159
6397 4496
6398 6038
6399 4876
6400 1296
6401 1947
6402 6091
6403 7103
6404 7127
6405 5151
6406 1679
6407 77
6408 4578
6409 4899
6410 3167
6411 1986
6412 4721
6413 2970
6414 2823
6415 3739
6416 3584
6417 3179
6418 7207
6419 4388
6420 4948
6421 1519
6422 941
6423 6516
6424 3305
6425 2822
6426 5297
6427 291
6428 4136
6429 5958
6430 6664
6431 7594
6432 6929
6433 3222
6434 6286
6435 3138
6436 1469
6437 1114
6438 2751
6439 6506
6440 2518
6441 8768
6442 4631
6443 5524
6444 1069
6445 1813
6446 3949
6447 7129
6448 874
6449 3243
6450 4451
6451 7235
6452 4342
6453 7922
6454 3708
6455 8059
6456 5320
6457 4362
6458 1031
6459 1193
6460 86
6461 8791
6462 6391
6463 3898
6464 5171
6465 6908
6466 9222
6467 5613
6468 8227
6469 470
6470 7098
6471 6839
6472 2345
6473 5871
6474 2302
6475 1758
6476 5267
6477 7869
6478 7021
6479 4960
6480 2639
6481 4821
6482 2548
6483 193
6484 1189
6485 250
6486 3821
6487 817
6488 327
6489 1548
6490 1924
6491 7541
6492 6679
6493 6552
6494 8278
6495 5277
6496 3839
6497 3924
6498 8487
6499 160
6500 7894
6501 6672
6502 7238
6503 5681
6504 5401
6505 2774
6506 3977
6507 1042
6508 4158
6509 8033
6510 8222
6511 7338
6512 1530
6513 8817
6514 2315
6515 4935
6516 881
6517 204
6518 3678
6519 755
6520 5296
6521 4901
6522 3455
6523 3883
6524 2915
6525 6531
6526 5024
6527 5268
6528 8001
6529 559
6530 2926
6531 6525
6532 4487
6533 2924
6534 1900
6535 2815
6536 3002
6537 7381
6538 641
6539 1978
6540 1031
6541 4828
6542 8675
6543 1282
6544 936
6545 4023
6546 2830
6547 1583
6548 7809
6549 2439
6550 3220
6551 1633
6552 9118
6553 6952
6554 4960
6555 8643
6556 659
6557 1409
6558 1804
6559 1606
6560 4068
6561 1366
6562 1177
6563 1560
6564 2021
6565 6230
6566 7442
6567 6780
6568 318
6569 1016
6570 1808
6571 5724
6572 7373
6573 8660
6574 1529
6575 812
6576 725
6577 8815
6578 6038
6579 6995
6580 237
6581 1967
6582 4938
6583 947
6584 6947
6585 1930
6586 6366
6587 6287
6588 327
6589 617
6590 7191
6591 5
6592 5009
6593 8839
6594 7611
6595 5509
6596 4885
6597 1113
6598 5067
6599 2276
6600 4446
6601 6450
6602 5120
6603 6138
6604 4121
6605 5062
6606 5062
6607 8903
6608 7670
6609 755
6610 9259
6611 9012
6612 4197
6613 3573
6614 5674
6615 4321
6616 89
6617 7089
6618 4647
6619 4342
6620 569
6621 9257
6622 7919
6623 3609
6624 645
6625 1617
6626 6668
6627 166
6628 7975
6629 4310
6630 559
6631 8521
6632 6634
6633 2334
6634 6632
6635 4968
6636 4785
6637 4914
6638 3322
6639 6344
6640 6736
6641 5556
6642 1564
6643 6644
6644 6643
6645 6994
6646 7922
6647 2524
6648 2881
6649 6976
6650 7550
6651 3492
6652 5525
6653 5555
6654 2115
6655 2608
6656 1166
6657 5565
6658 7482
6659 8694
6660 191
6661 6097
6662 8592
6663 8490
6664 7635
6665 2519
6666 3801
6667 6389
6668 6536
6669 3002
6670 339
6671 5026
6672 6501
6673 3542
6674 8935
6675 2598
6676 5681
6677 8303
6678 7106
6679 6492
6680 6289
6681 2919
6682 3383
6683 649
6684 2504
6685 9265
6686 5374
6687 207
6688 6208
6689 3613
6690 538
6691 7498
6692 1859
6693 7992
6694 4771
6695 679
6696 6391
6697 7595
6698 2531
6699 353
6700 6992
6701 3238
6702 8157
6703 1085
6704 9048
6705 3588
6706 4183
6707 6710
6708 8906
6709 4103
6710 2146
6711 636
6712 7099
6713 5218
6714 5055
6715 8138
6716 3013
6717 6901
6718 9277
6719 6718
6720 2533
6721 6722
6722 6721
6723 190
6724 6231
6725 1609
6726 6557
6727 8160
6728 7390
6729 5838
6730 9060
6731 3440
6732 1562
6733 2168
6734 3703
6735 725
6736 6644
6737 2765
6738 2047
6739 7311
6740 1471
6741 6161
6742 5644
6743 5644
6744 6209
6745 4459
6746 147
6747 4100
6748 8857
6749 5633
6750 7187
6751 7513
6752 3357
6753 4539
6754 3414
6755 9288
6756 204
6757 1228
6758 6759
6759 3
6760 3637
6761 5809
6762 6763
6763 7385
6764 739
6765 4087
6766 1014
6767 9242
6768 252
6769 115
6770 1550
6771 2015
6772 8614
6773 9176
6774 8264
6775 4806
6776 7045
6777 4493
6778 4964
6779 1259
6780 6567
6781 8506
6782 7064
6783 7315
6784 6185
6785 2879
6786 6086
6787 5446
6788 4646
6789 5434
6790 158
6791 298
6792 1563
6793 379
6794 8311
6795 4152
6796 5044
6797 1012
6798 4644
6799 677
6800 6259
6801 1903
6802 2171
6803 1334
6804 7466
6805 1637
6806 6740
6807 884
6808 6500
6809 4250
6810 8031
6811 8980
6812 1191
6813 1957
6814 4
6815 6019
6816 5834
6817 2382
6818 1693
6819 1326
6820 2918
6821 1595
6822 6170
6823 3294
6824 1298
6825 6978
6826 4037
6827 6139
6828 6072
6829 2095
6830 3716
6831 454
6832 7493
6833 1394
6834 12
6835 5137
6836 904
6837 1040
6838 4374
6839 6471
6840 1691
6841 8680
6842 6843
6843 6842
6844 1597
6845 3653
6846 745
6847 5730
6848 4942
6849 829
6850 8159
6851 3157
6852 3119
6853 6628
6854 6724
6855 2185
6856 5453
6857 2351
6858 898
6859 4874
6860 4504
6861 1816
6862 2357
6863 4370
6864 5129
6865 4289
6866 772
6867 6352
6868 693
6869 8657
6870 7368
6871 6149
6872 5919
6873 2803
6874 2401
6875 7386
6876 974
6877 5407
6878 8733
6879 8704
6880 498
6881 4304
6882 7671
6883 5538
6884 5935
6885 5867
6886 774
6887 7967
6888 6771
6889 6890
6890 6889
6891 4459
6892 639
6893 333
6894 1587
6895 8373
6896 4615
6897 751
6898 5369
6899 800
6900 3861
6901 6717
6902 8562
6903 6151
6904 2273
6905 4438
6906 5720
6907 7024
6908 1528
6909 874
6910 9038
6911 9056
6912 478
6913 147
6914 7791
6915 7419
6916 3154
6917 6387
6918 7879
6919 9079
6920 5673
6921 6429
6922 5699
6923 2519
6924 2969
6925 2736
6926 7733
6927 3436
6928 865
6929 5913
6930 9257
6931 1035
6932 1907
6933 6360
6934 4561
6935 1692
6936 2632
6937 7623
6938 6943
6939 3956
6940 2446
6941 1891
6942 7015
6943 465
6944 3516
6945 1251
6946 1303
6947 6226
6948 4013
6949 9138
6950 1630
6951 3887
6952 4869
6953 7441
6954 7982
6955 1534
6956 5487
6957 8512
6958 5796
6959 2298
6960 3772
6961 4521
6962 5975
6963 6287
6964 1718
6965 3020
6966 7461
6967 3350
6968 1192
6969 715
6970 1159
6971 4627
6972 5763
6973 4382
6974 5398
6975 8395
6976 586
6977 5199
6978 7842
6979 7021
6980 6015
6981 8045
6982 7523
6983 3085
6984 6951
6985 2497
6986 7456
6987 3571
6988 3571
6989 4149
6990 4510
6991 3855
6992 6092
6993 644
6994 3921
6995 6579
6996 2878
6997 359
6998 4420
6999 5076
7000 4921
7001 9277
7002 7493
7003 4786
7004 9095
7005 865
7006 281
7007 615
7008 4837
7009 6714
7010 1751
7011 3171
7012 725
7013 7610
7014 5891
7015 1633
7016 1697
7017 8588
7018 4439
7019 5552
7020 5925
7021 6478
7022 3874
7023 8515
7024 8055
7025 571
7026 7696
7027 1598
7028 6550
7029 619
7030 1508
7031 4120
7032 8255
7033 8766
7034 1087
7035 8184
7036 5273
7037 3873
7038 7278
7039 1904
7040 3534
7041 8206
7042 6659
7043 6561
7044 9034
7045 541
7046 5578
7047 310
7048 2367
7049 2447
7050 7584
7051 5666
7052 1722
7053 5020
7054 795
7055 5917
7056 4550
7057 2921
7058 471
7059 4457
7060 8746
7061 9288
7062 580
7063 6990
7064 7753
7065 5155
7066 6709
7067 2216
7068 7075
7069 4619
7070 5515
7071 1649
7072 556
7073 8365
7074 5622
7075 7067
7076 9137
7077 7666
7078 7683
7079 1122
7080 6081
7081 7082
7082 7081
7083 2163
7084 883
7085 5326
7086 7087
7087 1664
7088 8091
7089 6617
7090 8426
7091 6144
7092 1426
7093 7337
7094 1320
7095 3398
7096 8741
7097 7379
7098 6470
7099 951
7100 8278
7101 4223
7102 3838
7103 6337
7104 2879
7105 6741
7106 2392
7107 313
7108 4487
7109 1946
7110 1870
7111 7113
7112 2158
7113 7111
7114 5030
7115 991
7116 5304
7117 16
7118 6105
7119 1484
7120 4196
7121 926
7122 4154
7123 7722
7124 1746
7125 6768
7126 5172
7127 6404
7128 2941
7129 5508
7130 5003
7131 4438
7132 1009
7133 6596
7134 6893
7135 6627
7136 3966
7137 1979
7138 8002
7139 1664
7140 9264
7141 3804
7142 2110
7143 5569
7144 268
7145 504
7146 5138
7147 6324
7148 7481
7149 6198
7150 8203
7151 707
7152 4088
7153 6674
7154 2551
7155 2897
7156 92
7157 267
7158 5109
7159 3941
7160 9097
7161 6652
7162 4556
7163 1598
7164 9258
7165 386
7166 6093
7167 8388
7168 2386
7169 8809
7170 1433
7171 3088
7172 2509
7173 8521
7174 1611
7175 7174
7176 8332
7177 7645
7178 7420
7179 2409
7180 1772
7181 2202
7182 1604
7183 7706
7184 4339
7185 7369
7186 4179
7187 5714
7188 4174
7189 4486
7190 6966
7191 6590
7192 5386
7193 5507
7194 3141
7195 1811
7196 9021
7197 2705
7198 8610
7199 892
7200 591
7201 6253
7202 8456
7203 8421
7204 5195
7205 5001
7206 3367
7207 6418
7208 8517
7209 7855
7210 7415
7211 1480
7212 3698
7213 9284
7214 2379
7215 3343
7216 9284
7217 9285
7218 1674
7219 8134
7220 1362
7221 7237
7222 4483
7223 7322
7224 5092
7225 3350
7226 5377
7227 3666
7228 2205
7229 1541
7230 5655
7231 3217
7232 3893
7233 1685
7234 2089
7235 1937
7236 4689
7237 3966
7238 7302
7239 5638
7240 5076
7241 2964
7242 9078
7243 4191
7244 2422
7245 4914
7246 1451
7247 5307
7248 4014
7249 587
7250 8221
7251 1068
7252 2990
7253 9031
7254 548
7255 8773
7256 5672
7257 6204
7258 7257
7259 9128
7260 6799
7261 1014
7262 1805
7263 7264
7264 7263
7265 3062
7266 7269
7267 5053
7268 5641
7269 7438
7270 8864
7271 4868
7272 7820
7273 7722
7274 7386
7275 3527
7276 5946
7277 5877
7278 7038
7279 5914
7280 1544
7281 7867
7282 8733
7283 1975
7284 3246
7285 1182
7286 681
7287 5362
7288 8362
7289 3745
7290 7215
7291 3710
7292 5197
7293 1475
7294 7292
7295 4603
7296 865
7297 372
7298 2484
7299 987
7300 5823
7301 3257
7302 7915
7303 3757
7304 8615
7305 6295
7306 7671
7307 1524
7308 7668
7309 5635
7310 2181
7311 6739
7312 6195
7313 7828
7314 2637
7315 6783
7316 3693
7317 878
7318 7246
7319 2909
7320 5033
7321 2346
7322 7843
7323 8341
7324 134
7325 5761
7326 2594
7327 3118
7328 1960
7329 2583
7330 8790
7331 8421
7332 5245
7333 8510
7334 1635
7335 4596
7336 9130
7337 8862
7338 6511
7339 464
7340 1694
7341 8055
7342 1180
7343 917
7344 5427
7345 6842
7346 4469
7347 8667
7348 3049
7349 7008
7350 333
7351 5478
7352 3315
7353 3170
7354 6934
7355 7174
7356 4969
7357 3028
7358 1394
7359 8879
7360 1504
7361 146
7362 7722
7363 2591
7364 1019
7365 7382
7366 9146
7367 5159
7368 6870
7369 182
7370 6267
7371 647
7372 7985
7373 22
7374 8781
7375 1474
7376 1806
7377 7831
7378 2237
7379 7097
7380 334
7381 8222
7382 7365
7383 7143
7384 2293
7385 6763
7386 7274
7387 2537
7388 7188
7389 1153
7390 8896
7391 4048
7392 3617
7393 5150
7394 5383
7395 3745
7396 3543
7397 2945
7398 2781
7399 2921
7400 5008
7401 4255
7402 6412
7403 7404
7404 7403
7405 8848
7406 207
7407 5978
7408 7409
7409 7408
7410 2448
7411 4479
7412 5835
7413 2999
7414 5365
7415 7210
7416 8458
7417 3613
7418 5371
7419 258
7420 8657
7421 9233
7422 4752
7423 3987
7424 9131
7425 4834
7426 2167
7427 1959
7428 5049
7429 2524
7430 2992
7431 2795
7432 1127
7433 1023
7434 7435
7435 7434
7436 3087
7437 3216
7438 7269
7439 5103
7440 9078
7441 6953
7442 7443
7443 7442
7444 1199
7445 4173
7446 2171
7447 9235
7448 3285
7449 6441
7450 4267
7451 3312
7452 6323
7453 3986
7454 1584
7455 7448
7456 7108
7457 514
7458 5597
7459 6019
7460 1475
7461 6966
7462 3847
7463 131
7464 684
7465 3163
7466 6083
7467 9231
7468 6973
7469 6683
7470 2996
7471 7634
7472 8839
7473 2636
7474 7096
7475 2145
7476 4505
7477 3269
7478 1231
7479 3953
7480 1596
7481 7148
7482 3715
7483 6388
7484 8040
7485 347
7486 4342
7487 6413
7488 7949
7489 3402
7490 507
7491 2866
7492 2870
7493 9058
7494 2838
7495 4719
7496 6336
7497 6787
7498 6691
7499 1306
7500 2178
7501 9186
7502 4118
7503 925
7504 8827
7505 8763
7506 489
7507 56
7508 2501
7509 8647
7510 5614
7511 3385
7512 3690
7513 5932
7514 6187
7515 5641
7516 121
7517 3376
7518 8572
7519 443
7520 2076
7521 7522
7522 7521
7523 6982
7524 315
7525 5966
7526 7758
7527 7315
7528 5582
7529 253
7530 7614
7531 3961
7532 4009
7533 6006
7534 5882
7535 2820
7536 1191
7537 7018
7538 4536
7539 1214
7540 3126
7541 1486
7542 7873
7543 7861
7544 3666
7545 6024
7546 8265
7547 3291
7548 4661
7549 1199
7550 6650
7551 1199
7552 2466
7553 4307
7554 1715
7555 7819
7556 4986
7557 1998
7558 2619
7559 6453
7560 504
7561 8701
7562 3551
7563 5722
7564 974
7565 4953
7566 8321
7567 8718
7568 8718
7569 427
7570 6554
7571 5317
7572 3657
7573 1857
7574 5232
7575 5450
7576 6638
7577 7798
7578 280
7579 8174
7580 7179
7581 4969
7582 1045
7583 536
7584 5151
7585 1490
7586 1236
7587 3395
7588 7432
7589 4291
7590 3499
7591 7592
7592 7591
7593 1616
7594 3848
7595 6697
7596 8497
7597 3860
7598 1671
7599 4699
7600 7397
7601 6182
7602 2382
7603 6960
7604 4444
7605 808
7606 2334
7607 4818
7608 2111
7609 319
7610 389
7611 6594
7612 8462
7613 1073
7614 7530
7615 7188
7616 290
7617 5205
7618 8886
7619 1357
7620 7613
7621 3756
7622 4911
7623 9263
7624 9021
7625 1025
7626 509
7627 6416
7628 580
7629 3470
7630 5295
7631 3166
7632 4818
7633 3939
7634 12
7635 6664
7636 6009
7637 6490
7638 5315
7639 1427
7640 8313
7641 2957
7642 5080
7643 8403
7644 300
7645 7177
7646 940
7647 1746
7648 580
7649 1097
7650 7285
7651 865
7652 3726
7653 9129
7654 4612
7655 3236
7656 7082
7657 7685
7658 222
7659 5800
7660 1251
7661 764
7662 2085
7663 2250
7664 4717
7665 6078
7666 3615
7667 3339
7668 8139
7669 4308
7670 7850
7671 4062
7672 5898
7673 2861
7674 9053
7675 3807
7676 7976
7677 5638
7678 8575
7679 5732
7680 3583
7681 1214
7682 7414
7683 1599
7684 2521
7685 4093
7686 6085
7687 928
7688 6233
7689 3953
7690 955
7691 2769
7692 7157
7693 1444
7694 6514
7695 9081
7696 7026
7697 7698
7698 7697
7699 2328
7700 759
7701 7700
7702 7167
7703 2784
7704 431
7705 4142
7706 7183
7707 957
7708 4850
7709 1585
7710 3126
7711 7893
7712 7699
7713 169
7714 484
7715 176
7716 5246
7717 333
7718 7872
7719 3719
7720 3905
7721 7959
7722 7362
7723 6185
7724 7251
7725 6342
7726 7741
7727 4779
7728 6414
7729 4537
7730 6026
7731 2769
7732 8539
7733 6926
7734 489
7735 4336
7736 7916
7737 4877
7738 749
7739 6121
7740 3494
7741 7189
7742 7805
7743 3515
7744 8750
7745 2878
7746 9019
7747 4775
7748 1552
7749 2165
7750 156
7751 1115
7752 7892
7753 3986
7754 4783
7755 3399
7756 1275
7757 3031
7758 7526
7759 7567
7760 8224
7761 362
7762 6540
7763 1000
7764 1105
7765 4542
7766 1756
7767 4536
7768 8132
7769 1621
7770 3315
7771 3505
7772 3662
7773 64
7774 4955
7775 5449
7776 5884
7777 5442
7778 1336
7779 5366
7780 5223
7781 5498
7782 4645
7783 3910
7784 1545
7785 1125
7786 6169
7787 2336
7788 7790
7789 7790
7790 7789
7791 6914
7792 2336
7793 902
7794 7634
7795 1367
7796 2948
7797 7037
7798 7577
7799 3223
7800 4520
7801 852
7802 1252
7803 2976
7804 8973
7805 7742
7806 2588
7807 6174
7808 1607
7809 6548
7810 4761
7811 3684
7812 9020
7813 6285
7814 7095
7815 7368
7816 3822
7817 8296
7818 8297
7819 8298
7820 8299
7821 8300
7822 1943
7823 2942
7824 5582
7825 503
7826 353
7827 3206
7828 7313
7829 5373
7830 8549
7831 7377
7832 3400
7833 5062
7834 7982
7835 621
7836 6579
7837 7463
7838 1631
7839 2338
7840 3141
7841 8240
7842 6978
7843 7322
7844 5430
7845 5910
7846 4011
7847 4204
7848 158
7849 1096
7850 3984
7851 1105
7852 3757
7853 2021
7854 7793
7855 4078
7856 8003
7857 4361
7858 8857
7859 3057
7860 2268
7861 4042
7862 3404
7863 3552
7864 2574
7865 453
7866 8169
7867 5033
7868 369
7869 6145
7870 2532
7871 5985
7872 1428
7873 1025
7874 6352
7875 4718
7876 1991
7877 8553
7878 4561
7879 4282
7880 1136
7881 296
7882 3560
7883 3140
7884 6757
7885 6060
7886 1358
7887 658
7888 2460
7889 6058
7890 4139
7891 8757
7892 6008
7893 8753
7894 6500
7895 3118
7896 6005
7897 342
7898 5905
7899 5851
7900 1098
7901 8362
7902 8698
7903 333
7904 7902
7905 5208
7906 3289
7907 2292
7908 2613
7909 2326
7910 5555
7911 7939
7912 7193
7913 3319
7914 8694
7915 7302
7916 2369
7917 1861
7918 5586
7919 8076
7920 79
7921 8370
7922 6453
7923 4693
7924 4388
7925 975
7926 6049
7927 3838
7928 8231
7929 2775
7930 1396
7931 8613
7932 4465
7933 3665
7934 2049
7935 7937
7936 6804
7937 7935
7938 5645
7939 7911
7940 8250
7941 1451
7942 7199
7943 3996
7944 7948
7945 7946
7946 7945
7947 7944
7948 339
7949 436
7950 682
7951 5230
7952 6844
7953 5223
7954 5072
7955 9225
7956 8110
7957 5535
7958 668
7959 372
7960 955
7961 3715
7962 8736
7963 3883
7964 7134
7965 7134
7966 8444
7967 5641
7968 587
7969 543
7970 4551
7971 6189
7972 8
7973 2915
7974 4303
7975 8320
7976 7676
7977 8450
7978 1681
7979 4531
7980 1708
7981 1592
7982 1592
7983 9009
7984 7270
7985 3987
7986 1360
7987 1858
7988 6148
7989 971
7990 2046
7991 4528
7992 6693
7993 8641
7994 4161
7995 1772
7996 5659
7997 4362
7998 4058
7999 6107
8000 1363
8001 1372
8002 7138
8003 7856
8004 3484
8005 3693
8006 6475
8007 946
8008 2298
8009 5737
8010 283
8011 6301
8012 1176
8013 7433
8014 5509
8015 3184
8016 7499
8017 146
8018 8599
8019 342
8020 3116
8021 6270
8022 4429
8023 676
8024 5265
8025 224
8026 4737
8027 1696
8028 6910
8029 180
8030 9286
8031 6810
8032 9281
8033 6509
8034 5453
8035 7940
8036 3976
8037 3723
8038 8571
8039 8531
8040 7484
8041 2390
8042 4913
8043 1820
8044 7858
8045 7600
8046 1578
8047 958
8048 6148
8049 257
8050 4637
8051 1247
8052 7328
8053 4088
8054 1520
8055 7024
8056 6694
8057 5869
8058 5069
8059 6455
8060 2467
8061 973
8062 8184
8063 5256
8064 9086
8065 7949
8066 5580
8067 3256
8068 2496
8069 5988
8070 4980
8071 4974
8072 4044
8073 1870
8074 4229
8075 4904
8076 5798
8077 6212
8078 6621
8079 7155
8080 3628
8081 6565
8082 957
8083 8966
8084 8086
8085 339
8086 8084
8087 5001
8088 877
8089 8314
8090 8701
8091 7088
8092 8093
8093 8092
8094 7725
8095 6000
8096 7508
8097 2909
8098 4954
8099 377
8100 1845
8101 3206
8102 962
8103 7551
8104 8168
8105 8731
8106 6264
8107 177
8108 5987
8109 8944
8110 7956
8111 6848
8112 6838
8113 2756
8114 6104
8115 5245
8116 3926
8117 23
8118 4053
8119 4783
8120 4340
8121 7371
8122 7359
8123 8484
8124 9062
8125 5548
8126 5940
8127 8130
8128 9073
8129 4587
8130 672
8131 208
8132 3492
8133 6317
8134 7219
8135 280
8136 4128
8137 2433
8138 5056
8139 1466
8140 7162
8141 6078
8142 7275
8143 497
8144 1386
8145 8511
8146 1795
8147 2366
8148 6051
8149 5542
8150 1546
8151 2737
8152 2794
8153 9176
8154 3986
8155 544
8156 5717
8157 4067
8158 619
8159 9110
8160 6727
8161 4519
8162 1261
8163 4867
8164 5597
8165 3519
8166 729
8167 8968
8168 8104
8169 7444
8170 1107
8171 4204
8172 1325
8173 110
8174 2049
8175 8321
8176 4090
8177 3516
8178 7504
8179 1221
8180 1964
8181 3676
8182 3962
8183 664
8184 844
8185 5629
8186 2465
8187 1182
8188 4403
8189 6024
8190 7024
8191 2817
8192 168
8193 1576
8194 6151
8195 5167
8196 3010
8197 299
8198 5089
8199 6318
8200 4361
8201 4888
8202 5315
8203 7150
8204 3332
8205 5831
8206 7041
8207 3762
8208 5810
8209 1014
8210 8669
8211 6123
8212 338
8213 5941
8214 852
8215 4070
8216 5503
8217 3424
8218 7527
8219 8417
8220 5326
8221 7250
8222 7381
8223 7310
8224 5263
8225 1410
8226 3437
8227 6468
8228 1160
8229 2648
8230 9208
8231 3991
8232 9231
8233 5296
8234 1321
8235 935
8236 2062
8237 6556
8238 1967
8239 4544
8240 7841
8241 8734
8242 3553
8243 6384
8244 1576
8245 2400
8246 870
8247 2934
8248 8541
8249 715
8250 7940
8251 4189
8252 8898
8253 8431
8254 5166
8255 4048
8256 2373
8257 1661
8258 8087
8259 6751
8260 7712
8261 7934
8262 5297
8263 1470
8264 6774
8265 8568
8266 584
8267 7154
8268 598
8269 5473
8270 5501
8271 8257
8272 7432
8273 9178
8274 6285
8275 8583
8276 7586
8277 5657
8278 560
8279 2295
8280 5082
8281 3639
8282 5577
8283 6120
8284 8451
8285 3637
8286 9034
8287 1864
8288 8289
8289 8288
8290 2782
8291 2267
8292 1890
8293 6343
8294 7861
8295 9266
8296 7817
8297 7818
8298 7819
8299 7820
8300 7821
8301 407
8302 7538
8303 8950
8304 7071
8305 6371
8306 6939
8307 2275
8308 5570
8309 789
8310 3611
8311 6794
8312 3811
8313 3876
8314 4727
8315 722
8316 3517
8317 8318
8318 8317
8319 7029
8320 7975
8321 3800
8322 6758
8323 2901
8324 2260
8325 1016
8326 4355
8327 4763
8328 3959
8329 299
8330 8734
8331 5258
8332 7176
8333 1169
8334 1979
8335 2179
8336 3444
8337 3701
8338 4770
8339 977
8340 1501
8341 7323
8342 4950
8343 8561
8344 1584
8345 2936
8346 8348
8347 5604
8348 8346
8349 5606
8350 600
8351 943
8352 5191
8353 4742
8354 3524
8355 280
8356 8323
8357 6112
8358 8971
8359 1340
8360 4438
8361 1032
8362 7288
8363 7309
8364 6196
8365 8367
8366 2478
8367 8365
8368 2159
8369 1976
8370 4248
8371 232
8372 2950
8373 1293
8374 9271
8375 7573
8376 1910
8377 5421
8378 8693
8379 1300
8380 5507
8381 1947
8382 9013
8383 5814
8384 3366
8385 5974
8386 1923
8387 3316
8388 7167
8389 5854
8390 84
8391 1031
8392 1597
8393 5901
8394 8877
8395 6975
8396 4632
8397 6396
8398 8396
8399 4086
8400 178
8401 8417
8402 7104
8403 4682
8404 14
8405 6620
8406 5731
8407 7744
8408 2109
8409 2982
8410 4300
8411 5122
8412 174
8413 8562
8414 6450
8415 4267
8416 7753
8417 8219
8418 3654
8419 888
8420 2449
8421 7331
8422 61
8423 8818
8424 407
8425 9031
8426 3947
8427 9083
8428 4052
8429 8705
8430 2749
8431 3850
8432 338
8433 2305
8434 6791
8435 53
8436 3890
8437 3094
8438 8848
8439 8441
8440 6597
8441 8439
8442 2495
8443 2474
8444 7966
8445 8378
8446 3090
8447 3591
8448 1337
8449 1994
8450 825
8451 1731
8452 1789
8453 1706
8454 6614
8455 6672
8456 7202
8457 8931
8458 7416
8459 5034
8460 1618
8461 1904
8462 4170
8463 721
8464 7919
8465 1369
8466 3463
8467 8712
8468 6693
8469 1285
8470 1020
8471 8333
8472 415
8473 1385
8474 4232
8475 7960
8476 5978
8477 6325
8478 1704
8479 4524
8480 8108
8481 5244
8482 2118
8483 4025
8484 8123
8485 1981
8486 9087
8487 6498
8488 7550
8489 15
8490 1003
8491 3892
8492 7429
8493 51
8494 9152
8495 6008
8496 296
8497 7596
8498 8051
8499 2932
8500 1925
8501 7914
8502 8525
8503 4937
8504 1990
8505 1695
8506 6781
8507 4698
8508 5450
8509 1421
8510 7333
8511 8145
8512 6957
8513 8774
8514 5026
8515 1403
8516 397
8517 4784
8518 3787
8519 5215
8520 5279
8521 3565
8522 6848
8523 5466
8524 695
8525 772
8526 1996
8527 330
8528 8681
8529 1047
8530 2509
8531 4741
8532 3292
8533 7359
8534 6
8535 433
8536 3628
8537 5594
8538 2880
8539 7732
8540 8765
8541 6660
8542 3989
8543 5525
8544 571
8545 9087
8546 5368
8547 3134
8548 5355
8549 2625
8550 2227
8551 39
8552 5341
8553 8646
8554 2468
8555 3711
8556 4503
8557 2497
8558 6209
8559 3829
8560 2644
8561 8343
8562 146
8563 235
8564 3201
8565 4623
8566 4128
8567 2540
8568 6092
8569 5930
8570 45
8571 8038
8572 1035
8573 8814
8574 3018
8575 3211
8576 2956
8577 4240
8578 482
8579 741
8580 6826
8581 2933
8582 4700
8583 641
8584 2162
8585 2719
8586 4645
8587 6751
8588 1276
8589 5490
8590 641
8591 4774
8592 6662
8593 5994
8594 6676
8595 2377
8596 3985
8597 5591
8598 7615
8599 8018
8600 553
8601 5973
8602 2709
8603 4320
8604 5889
8605 1932
8606 3074
8607 3816
8608 1382
8609 9227
8610 7198
8611 8610
8612 3962
8613 1078
8614 1493
8615 4646
8616 7338
8617 2155
8618 5100
8619 320
8620 3171
8621 8589
8622 5748
8623 8716
8624 8223
8625 1092
8626 5074
8627 7670
8628 6097
8629 9188
8630 1289
8631 8983
8632 3636
8633 9005
8634 2
8635 212
8636 3753
8637 2988
8638 2215
8639 6051
8640 8838
8641 5239
8642 7461
8643 1070
8644 240
8645 8644
8646 8553
8647 9001
8648 3648
8649 2518
8650 301
8651 7861
8652 5187
8653 8537
8654 8279
8655 4259
8656 5063
8657 7420
8658 6147
8659 6065
8660 1993
8661 5063
8662 190
8663 2080
8664 3925
8665 2713
8666 2826
8667 605
8668 143
8669 8210
8670 3448
8671 1419
8672 6620
8673 1844
8674 8291
8675 6542
8676 3056
8677 7400
8678 5665
8679 2640
8680 6841
8681 8683
8682 8892
8683 8681
8684 3819
8685 5431
8686 3120
8687 5239
8688 6359
8689 4162
8690 6676
8691 7872
8692 5490
8693 5638
8694 6659
8695 3087
8696 6311
8697 2437
8698 7902
8699 2419
8700 2001
8701 4896
8702 5217
8703 1930
8704 6879
8705 6385
8706 5997
8707 1063
8708 5968
8709 2706
8710 2916
8711 369
8712 7426
8713 8254
8714 7749
8715 6129
8716 8597
8717 7260
8718 7567
8719 2540
8720 9001
8721 7269
8722 8890
8723 7661
8724 5589
8725 1444
8726 4730
8727 8725
8728 6084
8729 2712
8730 5006
8731 5370
8732 2423
8733 7402
8734 8330
8735 2847
8736 9012
8737 2050
8738 8176
8739 1466
8740 5064
8741 7096
8742 5352
8743 4458
8744 4347
8745 1126
8746 7060
8747 1618
8748 8900
8749 3973
8750 6844
8751 6311
8752 8581
8753 7893
8754 1160
8755 8169
8756 4225
8757 7891
8758 7891
8759 224
8760 8043
8761 620
8762 1093
8763 7505
8764 5149
8765 8540
8766 7033
8767 4941
8768 6441
8769 8770
8770 8133
8771 1792
8772 3325
8773 7255
8774 5775
8775 4231
8776 1889
8777 800
8778 6592
8779 2848
8780 3092
8781 7374
8782 6967
8783 5324
8784 2830
8785 523
8786 2567
8787 4763
8788 35
8789 1057
8790 3373
8791 2273
8792 6101
8793 1236
8794 354
8795 6138
8796 8303
8797 2962
8798 236
8799 5672
8800 5734
8801 50
8802 4363
8803 6341
8804 1211
8805 1968
8806 6014
8807 7280
8808 6298
8809 7169
8810 9217
8811 2407
8812 394
8813 1444
8814 237
8815 5316
8816 1034
8817 6018
8818 3510
8819 5506
8820 3875
8821 3950
8822 8924
8823 5386
8824 5247
8825 13
8826 1512
8827 7504
8828 6159
8829 237
8830 364
8831 8730
8832 7360
8833 9007
8834 3453
8835 2588
8836 7034
8837 2587
8838 1604
8839 270
8840 1297
8841 7724
8842 6375
8843 6076
8844 2129
8845 4618
8846 730
8847 4911
8848 7405
8849 1897
8850 7394
8851 8911
8852 5925
8853 5944
8854 7960
8855 1255
8856 6335
8857 6748
8858 4985
8859 7428
8860 6790
8861 2758
8862 1597
8863 831
8864 4756
8865 6137
8866 5738
8867 8657
8868 1245
8869 878
8870 3823
8871 2236
8872 543
8873 1967
8874 5584
8875 494
8876 4414
8877 414
8878 718
8879 5552
8880 1469
8881 7563
8882 1541
8883 90
8884 7521
8885 499
8886 7618
8887 4363
8888 1100
8889 5046
8890 1115
8891 872
8892 8682
8893 1452
8894 6249
8895 3175
8896 7390
8897 2380
8898 1740
8899 6913
8900 4981
8901 1977
8902 5034
8903 3877
8904 539
8905 3487
8906 6708
8907 3977
8908 1498
8909 6216
8910 4004
8911 5113
8912 926
8913 6123
8914 8484
8915 649
8916 3014
8917 4165
8918 5661
8919 4459
8920 5326
8921 9175
8922 7964
8923 2692
8924 6792
8925 4570
8926 7220
8927 8769
8928 431
8929 8059
8930 3534
8931 3011
8932 829
8933 3973
8934 2400
8935 6674
8936 8937
8937 8936
8938 8801
8939 882
8940 9244
8941 974
8942 9170
8943 6236
8944 2048
8945 1179
8946 9230
8947 3648
8948 7510
8949 5614
8950 8303
8951 2776
8952 9264
8953 7179
8954 3034
8955 5212
8956 3133
8957 5506
8958 1052
8959 3459
8960 7890
8961 2441
8962 2486
8963 1776
8964 3630
8965 3196
8966 8083
8967 1921
8968 8167
8969 3604
8970 3695
8971 2304
8972 9042
8973 1565
8974 4161
8975 4512
8976 4628
8977 4939
8978 1756
8979 5720
8980 6811
8981 558
8982 2138
8983 8631
8984 2686
8985 3649
8986 1389
8987 6312
8988 8981
8989 6108
8990 6630
8991 6625
8992 5103
8993 3912
8994 2580
8995 2245
8996 1080
8997 8993
8998 3386
8999 5670
9000 4541
9001 6877
9002 351
9003 4262
9004 329
9005 8633
9006 44
9007 8131
9008 3191
9009 8894
9010 7515
9011 2610
9012 6611
9013 8382
9014 3920
9015 1302
9016 2879
9017 5972
9018 8727
9019 1706
9020 819
9021 6350
9022 3161
9023 6895
9024 123
9025 7284
9026 7916
9027 6206
9028 4642
9029 2011
9030 2587
9031 7253
9032 12
9033 7006
9034 9078
9035 12
9036 8406
9037 2115
9038 6910
9039 2366
9040 7525
9041 1794
9042 8972
9043 2315
9044 4201
9045 1484
9046 2127
9047 1245
9048 2510
9049 5284
9050 4609
9051 7969
9052 1640
9053 1828
9054 480
9055 2047
9056 4447
9057 1288
9058 7493
9059 3021
9060 178
9061 4233
9062 3560
9063 2797
9064 6881
9065 3142
9066 171
9067 2578
9068 2696
9069 9071
9070 7360
9071 8425
9072 1988
9073 6480
9074 1774
9075 5057
9076 877
9077 675
9078 9034
9079 573
9080 8417
9081 4943
9082 4737
9083 8427
9084 4934
9085 2368
9086 2011
9087 8486
9088 3514
9089 5706
9090 7738
9091 261
9092 7876
9093 4142
9094 2014
9095 7004
9096 4054
9097 5836
9098 1003
9099 7170
9100 5221
9101 6506
9102 2534
9103 8805
9104 8136
9105 3037
9106 347
9107 3915
9108 8971
9109 5908
9110 8159
9111 4788
9112 993
9113 3083
9114 2573
9115 9229
9116 2651
9117 1795
9118 5714
9119 3558
9120 3325
9121 7791
9122 5035
9123 3045
9124 2573
9125 137
9126 4077
9127 846
9128 7259
9129 7653
9130 7336
9131 1214
9132 969
9133 8986
9134 8940
9135 3029
9136 2492
9137 7076
9138 6949
9139 3795
9140 3261
9141 8563
9142 1867
9143 9144
9144 5360
9145 200
9146 3512
9147 4201
9148 9149
9149 9148
9150 2388
9151 93
9152 3719
9153 6981
9154 6106
9155 8562
9156 2417
9157 1146
9158 6904
9159 6556
9160 7342
9161 8933
9162 7169
9163 7899
9164 5144
9165 8901
9166 7478
9167 8860
9168 3983
9169 7814
9170 1083
9171 4087
9172 3166
9173 4888
9174 6842
9175 2139
9176 5095
9177 1219
9178 8273
9179 8396
9180 5324
9181 2203
9182 2776
9183 5868
9184 4657
9185 5913
9186 1927
9187 4461
9188 1647
9189 2236
9190 4986
9191 1649
9192 3456
9193 2366
9194 5622
9195 3476
9196 5759
9197 6046
9198 2648
9199 3878
9200 6364
9201 7639
9202 3340
9203 7095
9204 2389
9205 328
9206 7321
9207 4920
9208 5248
9209 4427
9210 2688
9211 9210
9212 1509
9213 371
9214 6182
9215 6486
9216 8897
9217 8810
9218 5065
9219 9264
9220 4494
9221 244
9222 2134
9223 7532
9224 8749
9225 7955
9226 5119
9227 6507
9228 5206
9229 2101
9230 1433
9231 8232
9232 203
9233 7614
9234 7530
9235 7447
9236 4572
9237 3068
9238 8309
9239 197
9240 8327
9241 6
9242 6767
9243 1471
9244 4445
9245 6224
9246 2376
9247 8129
9248 3036
9249 4670
9250 1484
9251 8818
9252 7823
9253 744
9254 39
9255 1665
9256 7492
9257 6621
9258 7164
9259 2801
9260 8692
9261 172
9262 6286
9263 7623
9264 5983
9265 6685
9266 8295
9267 2180
9268 5863
9269 2091
9270 5569
9271 1175
9272 9112
9273 8783
9274 4920
9275 4050
9276 958
9277 6718
9278 9012
9279 2394
9280 1585
9281 2707
9282 1359
9283 6611
9284 7213
9285 7217
9286 8030
9287 2219
9288 1525
9289 2907
9290 4328
9291 9181
9292 1206
9293 5396
9294 2657
9295 8498
9296 758
9297 1828
