0 86
1 86
2 154
3 9
4 81
5 227
6 186
7 87
8 13
9 3
10 86
11 97
12 124
13 8
14 182
15 86
16 147
17 86
18 102
19 171
20 224
21 179
22 254
23 160
24 60
25 124
26 82
27 86
28 142
29 101
30 60
31 248
32 132
33 153
34 82
35 123
36 53
37 117
38 157
39 94
40 87
41 254
42 198
43 67
44 68
45 108
46 86
47 229
48 192
49 86
50 34
51 254
52 31
53 70
54 178
55 87
56 80
57 254
58 153
59 221
60 24
61 144
62 254
63 128
64 62
65 24
66 234
67 120
68 44
69 31
70 202
71 79
72 114
73 254
74 86
75 101
76 124
77 119
78 102
79 71
80 56
81 4
82 34
83 53
84 86
85 86
86 132
87 127
88 65
89 199
90 71
91 85
92 56
93 96
94 117
95 191
96 93
97 11
98 84
99 8
100 112
101 29
102 18
103 79
104 188
105 76
106 92
107 85
108 36
109 224
110 194
111 116
112 100
113 105
114 157
115 127
116 111
117 220
118 16
119 42
120 67
121 254
122 250
123 35
124 25
125 147
126 114
127 115
128 63
129 25
130 151
131 198
132 86
133 203
134 160
135 165
136 127
137 161
138 151
139 198
140 254
141 232
142 28
143 101
144 242
145 31
146 129
147 125
148 152
149 197
150 254
151 138
152 157
153 220
154 126
155 85
156 180
157 114
158 182
159 208
160 23
161 137
162 84
163 254
164 178
165 135
166 238
167 239
168 204
169 133
170 168
171 172
172 171
173 175
174 200
175 173
176 171
177 85
178 100
179 101
180 156
181 204
182 14
183 243
184 138
185 154
186 6
187 203
188 134
189 89
190 226
191 217
192 48
193 85
194 110
195 254
196 168
197 190
198 240
199 223
200 174
201 254
202 70
203 133
204 168
205 172
206 115
207 85
208 159
209 85
210 84
211 232
212 216
213 85
214 234
215 235
216 212
217 191
218 192
219 225
220 153
221 59
222 110
223 199
224 182
225 219
226 190
227 5
228 71
229 47
230 254
231 86
232 211
233 254
234 246
235 215
236 245
237 165
238 166
239 167
240 198
241 242
242 144
243 183
244 85
245 236
246 234
247 242
248 120
249 254
250 122
251 243
252 185
253 192
254 194
