0 30
0 16
0 46
0 36
0 9
0 6
0 26
0 19
0 29
0 39
0 49
1 13
1 44
1 24
1 14
1 41
1 4
1 34
1 21
1 11
1 31
2 30
2 16
2 46
2 36
2 9
2 6
2 26
2 19
2 29
2 39
2 49
3 15
3 49
3 19
3 39
3 9
3 17
3 27
3 7
3 47
3 37
3 29
4 49
4 7
4 15
4 37
4 17
4 27
4 45
4 35
4 47
4 25
4 5
5 30
5 46
5 36
5 9
5 6
5 16
5 26
5 19
5 29
5 39
5 49
6 30
6 16
6 26
6 36
6 46
6 49
6 29
6 9
6 39
6 19
7 46
7 0
7 40
7 39
7 30
7 29
7 20
7 19
7 10
7 9
7 49
8 47
8 5
8 45
8 15
8 9
8 39
8 29
8 35
8 19
8 25
8 49
9 30
9 46
9 36
9 6
9 16
9 26
9 19
9 29
9 39
9 49
10 30
10 46
10 36
10 9
10 6
10 16
10 26
10 19
10 29
10 39
10 49
11 33
11 44
11 24
11 41
11 4
11 34
11 31
11 1
11 21
11 14
12 30
12 16
12 46
12 36
12 9
12 6
12 26
12 19
12 29
12 39
12 49
13 15
13 19
13 49
13 29
13 9
13 39
13 17
13 27
13 47
13 37
13 7
14 9
14 45
14 25
14 15
14 5
14 7
14 17
14 37
14 47
14 35
14 27
15 30
15 16
15 46
15 36
15 9
15 6
15 26
15 19
15 29
15 39
15 49
16 30
16 46
16 26
16 36
16 6
16 49
16 29
16 9
16 39
16 19
17 46
17 0
17 40
17 39
17 30
17 29
17 20
17 19
17 10
17 9
17 49
18 47
18 5
18 45
18 15
18 9
18 39
18 29
18 35
18 19
18 25
18 49
19 30
19 16
19 46
19 36
19 9
19 6
19 26
19 29
19 39
19 49
20 30
20 16
20 46
20 36
20 9
20 6
20 26
20 19
20 29
20 39
20 49
21 13
21 44
21 24
21 14
21 41
21 4
21 34
21 1
21 11
21 31
22 30
22 16
22 46
22 36
22 9
22 6
22 26
22 19
22 29
22 39
22 49
23 15
23 19
23 49
23 29
23 9
23 39
23 17
23 27
23 47
23 37
23 7
24 9
24 45
24 25
24 15
24 5
24 7
24 17
24 37
24 47
24 35
24 27
25 30
25 16
25 46
25 36
25 9
25 6
25 26
25 19
25 29
25 39
25 49
26 30
26 16
26 46
26 36
26 9
26 6
26 19
26 29
26 39
26 49
27 46
27 0
27 40
27 39
27 30
27 29
27 20
27 19
27 10
27 9
27 49
28 47
28 5
28 45
28 15
28 9
28 39
28 29
28 35
28 19
28 25
28 49
29 30
29 16
29 46
29 36
29 9
29 6
29 26
29 19
29 39
29 49
30 16
30 46
30 36
30 9
30 6
30 26
30 19
30 29
30 39
30 49
31 13
31 44
31 24
31 14
31 41
31 4
31 34
31 1
31 21
31 11
32 30
32 46
32 26
32 36
32 6
32 16
32 49
32 29
32 9
32 39
32 19
33 5
33 49
33 9
33 29
33 19
33 39
33 17
33 27
33 47
33 37
33 7
34 49
34 7
34 35
34 37
34 17
34 27
34 45
34 15
34 47
34 25
34 5
35 30
35 46
35 36
35 9
35 6
35 16
35 26
35 19
35 29
35 39
35 49
36 30
36 16
36 46
36 9
36 6
36 26
36 19
36 29
36 39
36 49
37 46
37 0
37 40
37 39
37 30
37 29
37 20
37 19
37 10
37 9
37 49
38 47
38 5
38 45
38 15
38 9
38 39
38 29
38 35
38 19
38 25
38 49
39 30
39 16
39 46
39 36
39 9
39 6
39 26
39 19
39 29
39 49
40 30
40 46
40 26
40 36
40 6
40 16
40 49
40 29
40 9
40 39
40 19
41 33
41 44
41 24
41 4
41 34
41 31
41 1
41 21
41 14
41 11
42 30
42 6
42 46
42 26
42 36
42 16
42 49
42 29
42 9
42 39
42 19
43 25
43 49
43 7
43 9
43 19
43 39
43 17
43 27
43 47
43 37
43 29
44 49
44 7
44 35
44 37
44 17
44 27
44 45
44 15
44 47
44 25
44 5
45 10
45 6
45 16
45 46
45 36
45 9
45 26
45 19
45 29
45 39
45 49
46 20
46 16
46 36
46 39
46 19
46 26
46 29
46 9
46 6
46 49
47 46
47 0
47 40
47 39
47 30
47 29
47 20
47 19
47 10
47 9
47 49
48 27
48 5
48 15
48 39
48 35
48 25
48 45
48 29
48 9
48 19
48 49
49 10
49 6
49 16
49 46
49 36
49 9
49 26
49 19
49 29
49 39
