0 1
1 47
2 45
3 15
4 16
5 43
6 25
7 24
8 46
9 10
10 48
11 31
12 35
13 17
14 32
15 3
16 8
17 13
18 32
19 46
20 17
21 32
22 10
23 39
24 40
25 6
26 12
27 35
28 36
29 48
30 39
31 11
32 14
33 48
34 45
35 12
36 28
37 39
38 46
39 27
40 24
41 3
42 46
43 13
44 40
45 11
46 19
47 13
48 10
49 71
50 77
51 66
52 61
53 89
54 69
55 82
56 88
57 70
58 92
59 54
60 75
61 52
62 85
63 73
64 91
65 87
66 51
67 69
68 62
69 54
70 57
71 49
72 87
73 83
74 80
75 94
76 52
77 50
78 66
79 91
80 65
81 69
82 55
83 73
84 72
85 62
86 68
87 65
88 56
89 77
90 60
91 64
92 82
93 95
94 75
95 79
96 77
97 65
98 66
99 145
100 118
101 144
102 130
103 146
104 127
105 143
106 152
107 145
108 126
109 137
110 153
111 149
112 150
113 151
114 137
115 145
116 126
117 109
118 153
119 139
120 140
121 129
122 134
123 153
124 114
125 152
126 108
127 135
128 136
129 130
130 138
131 116
132 104
133 153
134 116
135 112
136 128
137 114
138 130
139 119
140 112
141 119
142 145
143 105
144 111
145 107
146 103
147 119
148 143
149 111
150 112
151 113
152 125
153 123
154 162
155 202
156 155
157 165
158 200
159 167
160 192
161 203
162 170
163 159
164 182
165 193
166 192
167 159
168 180
169 185
170 196
171 197
172 190
173 167
174 192
175 183
176 184
177 161
178 159
179 191
180 198
181 167
182 164
183 191
184 192
185 169
186 198
187 161
188 196
189 171
190 172
191 183
192 184
193 165
194 202
195 159
196 188
197 171
198 180
199 185
200 158
201 199
202 155
203 161
204 250
205 221
206 234
207 222
208 214
209 229
210 244
211 223
212 250
213 240
214 234
215 211
216 218
217 245
218 216
219 242
220 248
221 242
222 207
223 246
224 219
225 207
226 241
227 219
228 233
229 237
230 215
231 239
232 217
233 217
234 214
235 207
236 218
237 229
238 246
239 231
240 248
241 226
242 219
243 245
244 210
245 217
246 238
247 239
248 240
249 214
250 212
251 245
252 234
