0 9
0 2
0 39
0 102
0 27
0 47
0 136
0 100
0 1
0 11
1 23
1 43
1 41
1 33
1 31
1 47
1 5
1 12
1 48
1 29
2 24
2 7
2 48
2 20
2 33
2 6
2 5
2 4
2 15
2 41
3 24
3 33
3 43
3 7
3 41
3 4
3 6
3 5
3 15
3 20
4 22
4 15
4 42
4 20
4 7
4 25
4 5
4 40
4 6
4 24
5 24
5 40
5 22
5 43
5 33
5 41
5 20
5 4
5 6
5 15
6 43
6 7
6 20
6 42
6 15
6 25
6 5
6 24
6 4
6 40
7 10
7 40
7 24
7 41
7 22
7 20
7 5
7 4
7 6
7 15
8 42
8 43
8 20
8 44
8 6
8 25
8 5
8 4
8 24
8 40
9 19
9 15
9 6
9 25
9 17
9 13
9 4
9 40
9 24
9 44
10 15
10 24
10 40
10 42
10 7
10 6
10 5
10 4
10 20
10 22
11 46
11 15
11 19
11 7
11 20
11 22
11 5
11 4
11 41
11 31
12 15
12 42
12 8
12 6
12 4
12 20
12 43
12 46
12 5
12 19
13 44
13 15
13 24
13 40
13 6
13 5
13 4
13 43
13 25
13 17
14 133
14 147
14 113
14 18
14 105
14 151
14 21
14 148
14 143
14 32
15 33
15 24
15 43
15 20
15 7
15 6
15 5
15 4
15 3
15 41
16 24
16 42
16 40
16 20
16 22
16 6
16 5
16 4
16 46
16 25
17 13
17 24
17 43
17 44
17 6
17 5
17 4
17 25
17 15
17 40
18 24
18 40
18 14
18 25
18 6
18 32
18 105
18 143
18 148
18 147
19 16
19 42
19 12
19 43
19 6
19 5
19 4
19 20
19 46
19 25
20 42
20 7
20 41
20 10
20 22
20 6
20 5
20 4
20 33
20 15
21 149
21 147
21 32
21 143
21 105
21 151
21 113
21 14
21 148
21 18
22 33
22 24
22 10
22 42
22 7
22 6
22 5
22 4
22 20
22 16
23 13
23 12
23 19
23 25
23 41
23 6
23 5
23 4
23 43
23 15
24 7
24 20
24 44
24 42
24 25
24 15
24 5
24 40
24 4
24 6
25 15
25 44
25 43
25 42
25 17
25 5
25 24
25 4
25 6
25 40
26 33
26 40
26 20
26 24
26 42
26 6
26 5
26 4
26 15
26 22
27 15
27 12
27 42
27 43
27 4
27 7
27 46
27 19
27 44
27 16
28 7
28 10
28 40
28 20
28 42
28 6
28 5
28 4
28 22
28 24
29 48
29 6
29 7
29 22
29 4
29 15
29 33
29 20
29 5
29 41
30 8
30 16
30 42
30 38
30 25
30 40
30 6
30 4
30 24
30 46
31 19
31 42
31 20
31 24
31 43
31 40
31 25
31 4
31 5
31 6
32 131
32 147
32 151
32 113
32 148
32 143
32 21
32 105
32 18
32 14
33 43
33 41
33 20
33 7
33 6
33 5
33 4
33 22
33 48
33 15
34 43
34 25
34 24
34 41
34 7
34 6
34 5
34 4
34 40
34 15
35 8
35 44
35 19
35 15
35 12
35 20
35 5
35 4
35 46
35 43
36 40
36 28
36 20
36 25
36 42
36 6
36 5
36 4
36 22
36 16
37 5
37 13
37 17
37 44
37 43
37 6
37 4
37 25
37 40
37 24
38 8
38 42
38 19
38 24
38 40
38 6
38 5
38 4
38 25
38 46
39 38
39 42
39 40
39 44
39 19
39 6
39 24
39 4
39 25
39 46
40 43
40 20
40 42
40 15
40 25
40 44
40 5
40 4
40 24
40 6
41 3
41 33
41 48
41 43
41 7
41 6
41 4
41 20
41 5
41 15
42 46
42 40
42 20
42 22
42 6
42 5
42 4
42 24
42 25
42 16
43 17
43 25
43 24
43 15
43 6
43 5
43 4
43 20
43 41
43 40
44 15
44 43
44 17
44 7
44 6
44 5
44 4
44 40
44 24
44 25
45 24
45 22
45 15
45 40
45 7
45 6
45 5
45 4
45 41
45 34
46 40
46 12
46 19
46 25
46 20
46 16
46 5
46 42
46 6
46 4
47 7
47 4
47 22
47 43
47 20
47 41
47 5
47 33
47 15
47 48
48 10
48 22
48 41
48 33
48 7
48 6
48 5
48 4
48 15
48 20
49 63
49 87
49 78
49 71
49 60
49 56
49 85
49 68
49 86
49 62
50 98
50 218
50 89
50 76
50 77
50 53
50 96
50 52
50 216
50 236
51 55
51 93
51 67
51 94
51 59
51 248
51 57
51 98
51 66
51 78
52 92
52 70
52 67
52 78
52 61
52 98
52 248
52 57
52 51
52 66
53 98
53 218
53 50
53 236
53 77
53 96
53 52
53 76
53 89
53 216
54 92
54 62
54 86
54 59
54 58
54 66
54 98
54 84
54 60
54 78
55 62
55 78
55 79
55 66
55 98
55 60
55 248
55 59
55 51
55 86
56 63
56 87
56 85
56 72
56 60
56 78
56 49
56 68
56 86
56 62
57 67
57 59
57 92
57 66
57 52
57 98
57 70
57 51
57 94
57 61
58 62
58 69
58 55
58 92
58 59
58 54
58 78
58 60
58 84
58 66
59 98
59 54
59 248
59 92
59 55
59 60
59 51
59 67
59 66
59 78
60 84
60 98
60 54
60 68
60 63
60 78
60 86
60 85
60 62
60 58
61 92
61 57
61 66
61 51
61 98
61 248
61 70
61 52
61 94
61 67
62 95
62 87
62 68
62 78
62 98
62 86
62 60
62 56
62 85
62 49
63 55
63 72
63 84
63 86
63 87
63 85
63 54
63 62
63 60
63 78
64 78
64 88
64 93
64 84
64 60
64 81
64 91
64 59
64 69
64 97
65 78
65 49
65 56
65 68
65 62
65 85
65 86
65 87
65 95
65 60
66 94
66 93
66 57
66 84
66 248
66 67
66 78
66 92
66 98
66 51
67 57
67 79
67 248
67 86
67 92
67 59
67 78
67 98
67 66
67 51
68 87
68 86
68 78
68 72
68 49
68 85
68 98
68 60
68 56
68 62
69 60
69 94
69 98
69 93
69 59
69 78
69 84
69 92
69 51
69 66
70 82
70 67
70 59
70 92
70 66
70 51
70 61
70 94
70 52
70 57
71 63
71 87
71 78
71 56
71 60
71 62
71 68
71 85
71 86
71 49
72 83
72 78
72 86
72 56
72 85
72 60
72 68
72 62
72 63
72 87
73 72
73 68
73 78
73 60
73 63
73 87
73 95
73 62
73 86
73 85
74 49
74 73
74 85
74 86
74 87
74 60
74 62
74 56
74 72
74 68
75 55
75 51
75 93
75 60
75 92
75 78
75 69
75 66
75 84
75 94
76 66
76 70
76 50
76 248
76 57
76 61
76 98
76 53
76 236
76 52
77 218
77 96
77 89
77 236
77 53
77 216
77 52
77 98
77 50
77 76
78 54
78 84
78 92
78 67
78 86
78 98
78 62
78 60
78 68
78 66
79 248
79 66
79 69
79 60
79 86
79 78
79 55
79 59
79 51
79 67
80 60
80 74
80 87
80 72
80 56
80 49
80 86
80 62
80 68
80 85
81 69
81 97
81 93
81 51
81 63
81 55
81 84
81 88
81 78
81 60
82 84
82 57
82 94
82 67
82 69
82 78
82 51
82 59
82 92
82 66
83 95
83 55
83 86
83 62
83 87
83 60
83 78
83 63
83 85
83 72
84 51
84 58
84 54
84 69
84 92
84 93
84 98
84 66
84 60
84 78
85 72
85 63
85 56
85 78
85 49
85 62
85 68
85 86
85 87
85 60
86 95
86 55
86 56
86 85
86 248
86 60
86 98
86 78
86 62
86 68
87 95
87 56
87 68
87 63
87 60
87 85
87 86
87 72
87 62
87 78
88 51
88 63
88 69
88 93
88 97
88 55
88 84
88 81
88 60
88 78
89 98
89 218
89 76
89 96
89 236
89 216
89 53
89 52
89 50
89 77
90 84
90 56
90 98
90 63
90 60
90 86
90 78
90 85
90 62
90 68
91 63
91 95
91 78
91 51
91 72
91 55
91 60
91 97
91 59
91 86
92 93
92 67
92 78
92 84
92 94
92 98
92 69
92 59
92 51
92 66
93 57
93 59
93 66
93 92
93 69
93 98
93 78
93 94
93 51
93 84
94 98
94 84
94 78
94 93
94 92
94 59
94 69
94 57
94 51
94 66
95 63
95 55
95 60
95 62
95 68
95 85
95 86
95 87
95 98
95 78
96 98
96 218
96 76
96 89
96 53
96 236
96 52
96 216
96 50
96 77
97 51
97 84
97 69
97 55
97 59
97 60
97 78
97 58
97 63
97 54
98 57
98 67
98 78
98 86
98 92
98 66
98 62
98 60
98 51
98 68
99 145
99 107
99 135
99 125
99 133
99 139
99 127
99 119
99 147
99 131
100 108
100 142
100 126
100 129
100 128
100 130
100 136
100 118
100 144
100 150
101 110
101 140
101 123
101 135
101 145
101 114
101 149
101 118
101 103
101 116
102 144
102 130
102 112
102 121
102 147
102 116
102 141
102 146
102 103
102 138
103 135
103 123
103 145
103 107
103 117
103 139
103 131
103 119
103 147
103 99
104 135
104 139
104 133
104 119
104 127
104 131
104 125
104 99
104 132
104 147
105 117
105 149
105 151
105 147
105 113
105 143
105 18
105 32
105 14
105 148
106 104
106 135
106 125
106 99
106 127
106 119
106 131
106 147
106 133
106 139
107 117
107 135
107 145
107 131
107 127
107 125
107 119
107 139
107 99
107 147
108 125
108 119
108 139
108 99
108 123
108 107
108 147
108 120
108 140
108 131
109 127
109 145
109 107
109 123
109 139
109 131
109 99
109 110
109 147
109 119
110 132
110 107
110 104
110 123
110 139
110 109
110 131
110 99
110 147
110 119
111 127
111 109
111 110
111 123
111 107
111 139
111 99
111 147
111 119
111 131
112 107
112 119
112 120
112 139
112 99
112 123
112 140
112 147
112 110
112 131
113 147
113 133
113 148
113 143
113 18
113 105
113 151
113 32
113 14
113 21
114 139
114 104
114 132
114 123
114 119
114 147
114 110
114 109
114 131
114 99
115 117
115 127
115 135
115 145
115 131
115 107
115 139
115 99
115 147
115 119
116 120
116 117
116 135
116 131
116 139
116 140
116 107
116 99
116 147
116 119
117 149
117 135
117 145
117 115
117 99
117 131
117 119
117 107
117 147
117 139
118 107
118 149
118 140
118 147
118 116
118 117
118 119
118 131
118 139
118 135
119 145
119 133
119 135
119 107
119 125
119 127
119 139
119 99
119 131
119 147
120 123
120 125
120 104
120 99
120 140
120 139
120 107
120 131
120 147
120 119
121 133
121 125
121 99
121 135
121 127
121 107
121 139
121 131
121 119
121 147
122 135
122 139
122 147
122 121
122 99
122 132
122 131
122 104
122 127
122 119
123 135
123 127
123 125
123 145
123 107
123 139
123 131
123 119
123 147
123 99
124 103
124 127
124 142
124 139
124 131
124 109
124 147
124 110
124 119
124 99
125 135
125 104
125 133
125 107
125 139
125 99
125 119
125 131
125 147
125 127
126 141
126 109
126 139
126 119
126 123
126 140
126 147
126 131
126 99
126 110
127 107
127 135
127 133
127 131
127 119
127 147
127 99
127 104
127 139
127 125
128 104
128 123
128 99
128 109
128 111
128 110
128 147
128 114
128 131
128 146
129 139
129 127
129 131
129 125
129 123
129 147
129 121
129 119
129 104
129 99
130 111
130 119
130 121
130 116
130 140
130 146
130 147
130 138
130 103
130 131
131 145
131 133
131 135
131 127
131 125
131 107
131 139
131 99
131 119
131 147
132 135
132 133
132 127
132 119
132 104
132 131
132 125
132 147
132 139
132 99
133 104
133 127
133 145
133 139
133 135
133 125
133 119
133 99
133 131
133 147
134 127
134 117
134 131
134 145
134 119
134 135
134 99
134 107
134 147
134 139
135 125
135 107
135 127
135 139
135 145
135 133
135 119
135 99
135 147
135 131
136 132
136 111
136 146
136 109
136 124
136 110
136 128
136 114
136 147
136 104
137 145
137 125
137 149
137 99
137 119
137 107
137 117
137 147
137 131
137 139
138 111
138 110
138 121
138 119
138 131
138 140
138 147
138 103
138 116
138 146
139 145
139 133
139 131
139 147
139 135
139 107
139 127
139 125
139 99
139 119
140 135
140 123
140 145
140 99
140 119
140 117
140 147
140 107
140 131
140 139
141 127
141 135
141 120
141 119
141 139
141 107
141 131
141 147
141 99
141 140
142 137
142 127
142 119
142 139
142 109
142 147
142 99
142 145
142 131
142 110
143 149
143 147
143 117
143 151
143 148
143 113
143 105
143 14
143 18
143 32
144 114
144 139
144 123
144 140
144 120
144 147
144 131
144 103
144 116
144 146
145 133
145 115
145 127
145 107
145 135
145 119
145 131
145 147
145 99
145 139
146 103
146 99
146 132
146 131
146 147
146 119
146 139
146 140
146 110
146 109
147 133
147 135
147 107
147 104
147 125
147 139
147 99
147 127
147 119
147 131
148 107
148 139
148 117
148 131
148 147
148 18
148 32
148 143
148 14
148 105
149 145
149 99
149 115
149 107
149 137
149 119
149 131
149 117
149 139
149 147
150 120
150 145
150 99
150 140
150 139
150 135
150 131
150 147
150 119
150 107
151 147
151 133
151 18
151 143
151 105
151 32
151 21
151 14
151 148
151 113
152 135
152 133
152 107
152 125
152 127
152 99
152 139
152 131
152 119
152 147
153 107
153 137
153 127
153 99
153 117
153 149
153 119
153 139
153 131
153 147
154 168
154 186
154 192
154 200
154 162
154 156
154 158
154 188
154 174
154 176
155 178
155 199
155 164
155 201
155 167
155 181
155 156
155 202
155 194
155 157
156 167
156 164
156 201
156 194
156 155
156 202
156 158
156 174
156 200
156 157
157 165
157 202
157 199
157 155
157 164
157 200
157 174
157 201
157 156
157 158
158 183
158 201
158 188
158 164
158 156
158 186
158 170
158 157
158 200
158 174
159 166
159 155
159 165
159 202
159 167
159 199
159 157
159 193
159 201
159 181
160 202
160 155
160 194
160 192
160 158
160 176
160 184
160 157
160 156
160 178
161 189
161 200
161 164
161 171
161 199
161 174
161 157
161 187
161 183
161 158
162 202
162 186
162 170
162 192
162 200
162 156
162 158
162 167
162 174
162 188
163 172
163 178
163 169
163 185
163 167
163 165
163 201
163 199
163 193
163 157
164 199
164 183
164 202
164 165
164 201
164 200
164 158
164 157
164 174
164 156
165 177
165 174
165 187
165 164
165 158
165 156
165 183
165 199
165 157
165 201
166 165
166 193
166 167
166 181
166 155
166 201
166 156
166 199
166 202
166 157
167 174
167 199
167 201
167 193
167 181
167 157
167 194
167 155
167 202
167 156
168 162
168 170
168 174
168 200
168 180
168 182
168 156
168 157
168 158
168 188
169 201
169 165
169 183
169 178
169 175
169 157
169 158
169 199
169 193
169 177
170 186
170 164
170 192
170 196
170 188
170 156
170 200
170 158
170 157
170 174
171 191
171 189
171 157
171 158
171 187
171 199
171 161
171 174
171 177
171 183
172 200
172 165
172 167
172 202
172 201
172 174
172 199
172 157
172 158
172 156
173 176
173 181
173 167
173 202
173 201
173 156
173 195
173 194
173 155
173 157
174 162
174 192
174 186
174 188
174 170
174 200
174 156
174 157
174 158
174 164
175 191
175 193
175 169
175 177
175 189
175 179
175 199
175 157
175 158
175 183
176 181
176 202
176 155
176 156
176 157
176 167
176 194
176 173
176 174
176 184
177 187
177 158
177 175
177 165
177 157
177 183
177 199
177 179
177 164
177 201
178 185
178 193
178 169
178 155
178 202
178 201
178 158
178 199
178 157
178 156
179 191
179 164
179 174
179 189
179 175
179 183
179 177
179 199
179 158
179 157
180 186
180 203
180 156
180 183
180 157
180 188
180 170
180 158
180 174
180 200
181 199
181 178
181 155
181 201
181 202
181 194
181 193
181 167
181 157
181 156
182 196
182 192
182 170
182 186
182 188
182 157
182 174
182 158
182 200
182 156
183 174
183 165
183 177
183 201
183 187
183 199
183 157
183 158
183 161
183 164
184 158
184 178
184 202
184 201
184 155
184 156
184 157
184 167
184 192
184 172
185 183
185 177
185 202
185 178
185 167
185 193
185 172
185 201
185 199
185 157
186 192
186 182
186 164
186 156
186 170
186 196
186 157
186 174
186 158
186 200
187 177
187 164
187 174
187 201
187 165
187 183
187 199
187 157
187 158
187 161
188 180
188 157
188 182
188 192
188 162
188 200
188 174
188 170
188 156
188 158
189 187
189 161
189 171
189 199
189 175
189 183
189 157
189 174
189 158
189 179
190 165
190 185
190 157
190 202
190 201
190 199
190 167
190 193
190 178
190 172
191 187
191 174
191 183
191 161
191 157
191 199
191 179
191 189
191 177
191 158
192 170
192 184
192 202
192 167
192 164
192 158
192 157
192 200
192 156
192 174
193 178
193 183
193 155
193 177
193 157
193 165
193 202
193 201
193 199
193 167
194 201
194 192
194 173
194 157
194 176
194 156
194 202
194 167
194 155
194 181
195 167
195 176
195 155
195 181
195 156
195 202
195 194
195 201
195 173
195 157
196 172
196 199
196 183
196 170
196 200
196 164
196 156
196 174
196 157
196 158
197 165
197 199
197 200
197 161
197 187
197 157
197 158
197 174
197 191
197 183
198 156
198 158
198 170
198 188
198 200
198 186
198 157
198 196
198 182
198 174
199 202
199 164
199 165
199 157
199 201
199 158
199 177
199 183
199 193
199 156
200 186
200 162
200 188
200 192
200 164
200 174
200 156
200 157
200 158
200 170
201 193
201 167
201 157
201 202
201 165
201 199
201 164
201 155
201 156
201 158
202 199
202 164
202 157
202 201
202 181
202 167
202 192
202 155
202 194
202 156
203 189
203 170
203 191
203 161
203 183
203 180
203 200
203 174
203 158
203 157
204 252
204 211
204 206
204 238
204 212
204 247
204 230
204 250
204 223
204 219
205 226
205 222
205 231
205 238
205 246
205 247
205 235
205 221
205 223
205 242
206 208
206 247
206 228
206 211
206 246
206 212
206 219
206 230
206 214
206 238
207 241
207 247
207 239
207 242
207 235
207 222
207 248
207 226
207 220
207 231
208 252
208 238
208 230
208 246
208 224
208 219
208 214
208 212
208 211
208 206
209 239
209 223
209 228
209 241
209 246
209 247
209 221
209 207
209 235
209 242
210 252
210 221
210 248
210 86
210 246
210 247
210 223
210 219
210 212
210 238
211 230
211 212
211 252
211 234
211 219
211 247
211 223
211 246
211 206
211 238
212 211
212 208
212 221
212 252
212 246
212 206
212 247
212 238
212 223
212 219
213 239
213 247
213 226
213 222
213 231
213 242
213 248
213 67
213 51
213 235
214 234
214 212
214 246
214 228
214 211
214 219
214 208
214 230
214 206
214 238
215 223
215 206
215 208
215 252
215 211
215 247
215 212
215 214
215 219
215 238
216 77
216 236
216 220
216 50
216 218
216 248
216 61
216 53
216 52
216 76
217 206
217 252
217 238
217 223
217 212
217 247
217 234
217 219
217 211
217 228
218 241
218 222
218 66
218 231
218 226
218 220
218 248
218 240
218 52
218 236
219 211
219 230
219 252
219 212
219 246
219 247
219 238
219 221
219 223
219 206
220 221
220 242
220 222
220 231
220 241
220 240
220 248
220 238
220 218
220 226
221 220
221 235
221 226
221 242
221 212
221 247
221 219
221 238
221 246
221 223
222 241
222 246
222 223
222 238
222 226
222 248
222 231
222 220
222 242
222 240
223 250
223 211
223 252
223 212
223 242
223 247
223 221
223 219
223 238
223 246
224 221
224 246
224 68
224 223
224 206
224 219
224 208
224 238
224 212
224 230
225 252
225 219
225 205
225 238
225 246
225 247
225 221
225 242
225 235
225 223
226 246
226 242
226 241
226 240
226 222
226 221
226 238
226 220
226 248
226 231
227 222
227 212
227 247
227 235
227 219
227 238
227 246
227 242
227 223
227 221
228 223
228 221
228 211
228 230
228 212
228 246
228 219
228 238
228 206
228 247
229 230
229 212
229 247
229 228
229 246
229 219
229 221
229 223
229 206
229 238
230 228
230 208
230 246
230 224
230 211
230 212
230 219
230 206
230 214
230 238
231 221
231 235
231 241
231 246
231 242
231 240
231 248
231 226
231 220
231 222
232 211
232 230
232 223
232 252
232 246
232 247
232 219
232 206
232 212
232 238
233 223
233 252
233 238
233 219
233 230
233 247
233 212
233 211
233 206
233 234
234 230
234 223
234 206
234 212
234 246
234 247
234 219
234 252
234 211
234 238
235 219
235 227
235 223
235 231
235 246
235 247
235 238
235 205
235 242
235 221
236 57
236 61
236 231
236 67
236 218
236 52
236 248
236 220
236 226
236 66
237 247
237 223
237 234
237 229
237 211
237 206
237 228
237 246
237 219
237 238
238 230
238 252
238 228
238 246
238 247
238 223
238 221
238 219
238 212
238 206
239 241
239 220
239 238
239 223
239 226
239 246
239 235
239 221
239 242
239 247
240 223
240 241
240 238
240 226
240 246
240 242
240 248
240 220
240 231
240 222
241 219
241 231
241 220
241 226
241 246
241 247
241 221
241 238
241 223
241 242
242 235
242 231
242 219
242 221
242 246
242 247
242 248
242 238
242 222
242 223
243 235
243 242
243 241
243 248
243 226
243 220
243 207
243 209
243 231
243 222
244 250
244 228
244 210
244 247
244 252
244 246
244 223
244 212
244 219
244 238
245 221
245 244
245 239
245 238
245 242
245 219
245 223
245 247
245 228
245 246
246 211
246 212
246 221
246 252
246 247
246 242
246 238
246 223
246 219
246 206
247 206
247 211
247 252
247 212
247 246
247 219
247 221
247 238
247 223
247 242
248 62
248 51
248 220
248 240
248 86
248 78
248 222
248 231
248 66
248 52
249 219
249 234
249 211
249 229
249 228
249 230
249 238
249 208
249 206
249 214
250 211
250 221
250 247
250 219
250 242
250 212
250 246
250 238
250 223
250 252
251 221
251 222
251 235
251 223
251 238
251 219
251 248
251 247
251 246
251 242
252 221
252 250
252 211
252 219
252 206
252 247
252 212
252 246
252 238
252 223
